#scientisst_nseq	scientisst_raw_AI6
0	1509
1	1511
2	1509
3	1510
4	1506
5	1510
6	1511
7	1518
8	1518
9	1520
10	1520
11	1523
12	1527
13	1526
14	1530
15	1529
0	1527
1	1529
2	1531
3	1534
4	1535
5	1531
6	1522
7	1520
8	1521
9	1522
10	1520
11	1519
12	1519
13	1520
14	1517
15	1518
0	1520
1	1520
2	1523
3	1523
4	1522
5	1527
6	1521
7	1520
8	1559
9	1584
10	1594
11	1600
12	1600
13	1600
14	1600
15	1600
0	1600
1	1597
2	1591
3	1585
4	1583
5	1574
6	1568
7	1563
8	1551
9	1545
10	1535
11	1535
12	1531
13	1530
14	1527
15	1577
0	1594
1	1600
2	1600
3	1603
4	1603
5	1602
6	1603
7	1603
8	1600
9	1598
10	1590
11	1583
12	1574
13	1565
14	1559
15	1551
0	1546
1	1543
2	1547
3	1535
4	1535
5	1534
6	1531
7	1531
8	1534
9	1527
10	1529
11	1530
12	1532
13	1525
14	1527
15	1527
0	1527
1	1527
2	1530
3	1535
4	1545
5	1552
6	1547
7	1550
8	1550
9	1552
10	1552
11	1549
12	1552
13	1552
14	1549
15	1552
0	1546
1	1547
2	1548
3	1546
4	1549
5	1552
6	1545
7	1543
8	1542
9	1535
10	1535
11	1541
12	1535
13	1544
14	1535
15	1533
0	1534
1	1533
2	1534
3	1533
4	1535
5	1535
6	1534
7	1535
8	1546
9	1549
10	1552
11	1552
12	1551
13	1552
14	1546
15	1535
0	1535
1	1533
2	1531
3	1534
4	1530
5	1531
6	1526
7	1530
8	1530
9	1527
10	1529
11	1527
12	1526
13	1523
14	1525
15	1533
0	1544
1	1535
2	1549
3	1544
4	1546
5	1545
6	1545
7	1549
8	1547
9	1552
10	1545
11	1552
12	1547
13	1545
14	1547
15	1534
0	1529
1	1521
2	1522
3	1521
4	1525
5	1529
6	1523
7	1525
8	1530
9	1523
10	1525
11	1525
12	1523
13	1522
14	1529
15	1535
0	1543
1	1533
2	1535
3	1535
4	1543
5	1545
6	1543
7	1545
8	1547
9	1545
10	1543
11	1545
12	1543
13	1542
14	1547
15	1543
0	1535
1	1533
2	1529
3	1535
4	1525
5	1527
6	1522
7	1520
8	1522
9	1522
10	1522
11	1523
12	1525
13	1523
14	1524
15	1531
0	1530
1	1532
2	1533
3	1546
4	1543
5	1543
6	1552
7	1547
8	1552
9	1547
10	1552
11	1546
12	1545
13	1543
14	1541
15	1534
0	1534
1	1529
2	1527
3	1523
4	1521
5	1520
6	1520
7	1521
8	1520
9	1520
10	1520
11	1523
12	1520
13	1520
14	1520
15	1520
0	1520
1	1521
2	1525
3	1523
4	1523
5	1527
6	1532
7	1535
8	1542
9	1547
10	1535
11	1546
12	1547
13	1545
14	1547
15	1545
0	1545
1	1545
2	1535
3	1535
4	1533
5	1525
6	1522
7	1521
8	1520
9	1520
10	1520
11	1518
12	1518
13	1515
14	1517
15	1520
0	1515
1	1518
2	1515
3	1513
4	1517
5	1520
6	1519
7	1520
8	1522
9	1524
10	1531
11	1527
12	1530
13	1535
14	1543
15	1535
0	1545
1	1551
2	1545
3	1546
4	1549
5	1545
6	1544
7	1547
8	1543
9	1545
10	1545
11	1546
12	1533
13	1533
14	1527
15	1525
0	1521
1	1522
2	1522
3	1520
4	1522
5	1521
6	1523
7	1520
8	1520
9	1517
10	1517
11	1518
12	1519
13	1515
14	1517
15	1517
0	1519
1	1518
2	1520
3	1520
4	1520
5	1522
6	1526
7	1529
8	1529
9	1531
10	1531
11	1531
12	1531
13	1534
14	1535
15	1543
0	1541
1	1547
2	1535
3	1533
4	1535
5	1526
6	1524
7	1521
8	1520
9	1520
10	1517
11	1518
12	1516
13	1514
14	1520
15	1510
0	1509
1	1509
2	1513
3	1514
4	1515
5	1520
6	1521
7	1520
8	1519
9	1520
10	1520
11	1529
12	1533
13	1530
14	1531
15	1535
0	1535
1	1543
2	1543
3	1544
4	1543
5	1546
6	1550
7	1549
8	1549
9	1547
10	1551
11	1543
12	1550
13	1535
14	1531
15	1535
0	1529
1	1526
2	1525
3	1521
4	1520
5	1520
6	1520
7	1521
8	1519
9	1519
10	1514
11	1514
12	1514
13	1511
14	1518
15	1517
0	1520
1	1520
2	1527
3	1526
4	1529
5	1534
6	1531
7	1549
8	1543
9	1541
10	1542
11	1535
12	1542
13	1535
14	1527
15	1523
0	1520
1	1520
2	1520
3	1517
4	1517
5	1518
6	1515
7	1520
8	1518
9	1520
10	1525
11	1525
12	1522
13	1530
14	1526
15	1526
0	1526
1	1535
2	1545
3	1545
4	1543
5	1547
6	1545
7	1552
8	1546
9	1548
10	1549
11	1550
12	1552
13	1549
14	1549
15	1551
0	1548
1	1546
2	1543
3	1535
4	1534
5	1533
6	1529
7	1530
8	1523
9	1520
10	1520
11	1520
12	1520
13	1518
14	1520
15	1518
0	1516
1	1515
2	1519
3	1519
4	1520
5	1520
6	1520
7	1523
8	1520
9	1520
10	1521
11	1527
12	1525
13	1530
14	1526
15	1531
0	1532
1	1531
2	1530
3	1531
4	1529
5	1533
6	1525
7	1526
8	1525
9	1525
10	1520
11	1518
12	1519
13	1520
14	1518
15	1518
0	1519
1	1523
2	1520
3	1522
4	1523
5	1523
6	1530
7	1529
8	1526
9	1526
10	1531
11	1533
12	1533
13	1532
14	1532
15	1526
0	1524
1	1523
2	1525
3	1520
4	1518
5	1519
6	1520
7	1516
8	1520
9	1519
10	1519
11	1519
12	1520
13	1520
14	1526
15	1527
0	1526
1	1530
2	1534
3	1527
4	1535
5	1533
6	1531
7	1533
8	1535
9	1533
10	1542
11	1535
12	1546
13	1533
14	1533
15	1535
0	1530
1	1535
2	1526
3	1522
4	1521
5	1521
6	1519
7	1520
8	1519
9	1517
10	1517
11	1516
12	1518
13	1518
14	1517
15	1518
0	1521
1	1520
2	1522
3	1526
4	1531
5	1530
6	1532
7	1546
8	1545
9	1542
10	1547
11	1543
12	1549
13	1551
14	1548
15	1547
0	1550
1	1552
2	1547
3	1552
4	1547
5	1543
6	1533
7	1535
8	1527
9	1526
10	1533
11	1527
12	1526
13	1522
14	1523
15	1521
0	1524
1	1527
2	1530
3	1531
4	1531
5	1534
6	1533
7	1534
8	1534
9	1547
10	1543
11	1549
12	1549
13	1552
14	1549
15	1552
0	1549
1	1552
2	1551
3	1554
4	1552
5	1552
6	1555
7	1552
8	1552
9	1552
10	1552
11	1543
12	1535
13	1535
14	1535
15	1534
0	1530
1	1533
2	1524
3	1525
4	1522
5	1524
6	1525
7	1533
8	1524
9	1527
10	1525
11	1526
12	1530
13	1535
14	1533
15	1547
0	1535
1	1545
2	1551
3	1547
4	1547
5	1549
6	1552
7	1552
8	1554
9	1554
10	1555
11	1554
12	1561
13	1554
14	1555
15	1552
0	1551
1	1551
2	1549
3	1547
4	1545
5	1542
6	1543
7	1535
8	1535
9	1547
10	1535
11	1534
12	1527
13	1532
14	1527
15	1529
0	1529
1	1529
2	1527
3	1534
4	1533
5	1535
6	1535
7	1535
8	1543
9	1545
10	1549
11	1549
12	1548
13	1548
14	1550
15	1549
0	1550
1	1547
2	1552
3	1548
4	1553
5	1551
6	1548
7	1550
8	1550
9	1546
10	1546
11	1545
12	1542
13	1546
14	1534
15	1530
0	1529
1	1527
2	1523
3	1527
4	1531
5	1527
6	1530
7	1527
8	1529
9	1530
10	1533
11	1533
12	1534
13	1535
14	1535
15	1549
0	1547
1	1543
2	1543
3	1542
4	1533
5	1535
6	1531
7	1531
8	1530
9	1527
10	1526
11	1523
12	1525
13	1530
14	1528
15	1525
0	1526
1	1523
2	1526
3	1523
4	1523
5	1526
6	1526
7	1525
8	1533
9	1527
10	1534
11	1529
