#bitalino_nseq	bitalino_raw_A1
0	468
1	456
2	452
3	448
4	447
5	448
6	450
7	455
8	470
9	489
10	508
11	529
12	548
13	545
14	526
15	509
0	497
1	511
2	722
3	852
4	915
5	909
6	866
7	813
8	756
9	662
10	592
11	515
12	407
13	308
14	239
15	180
0	125
1	85
2	49
3	29
4	17
5	10
6	6
7	5
8	71
9	467
10	709
11	800
12	819
13	800
14	769
15	738
0	698
1	593
2	479
3	400
4	301
5	208
6	135
7	78
8	44
9	26
10	15
11	12
12	9
13	21
14	31
15	46
0	65
1	83
2	97
3	105
4	115
5	127
6	142
7	156
8	169
9	184
10	199
11	218
12	251
13	280
14	306
15	325
0	332
1	337
2	342
3	351
4	358
5	372
6	398
7	413
8	411
9	403
10	389
11	375
12	370
13	369
14	372
15	371
0	370
1	367
2	364
3	367
4	369
5	370
6	372
7	376
8	379
9	383
10	388
11	391
12	395
13	401
14	409
15	417
0	431
1	446
2	464
3	475
4	473
5	468
6	459
7	445
8	428
9	417
10	403
11	385
12	371
13	366
14	368
15	374
0	380
1	395
2	411
3	424
4	432
5	430
6	427
7	424
8	425
9	441
10	459
11	471
12	478
13	486
14	492
15	497
0	502
1	512
2	521
3	522
4	511
5	492
6	472
7	452
8	434
9	415
10	396
11	378
12	367
13	364
14	368
15	374
0	378
1	376
2	378
3	381
4	386
5	393
6	403
7	422
8	439
9	453
10	467
11	477
12	484
13	490
14	495
15	504
0	509
1	505
2	498
3	487
4	483
5	477
6	475
7	469
8	464
9	449
10	430
11	414
12	408
13	409
14	399
15	384
0	376
1	377
2	384
3	395
4	406
5	415
6	425
7	433
8	441
9	451
10	463
11	476
12	487
13	500
14	514
15	523
0	531
1	537
2	543
3	543
4	540
5	528
6	518
7	510
8	498
9	478
10	459
11	447
12	439
13	432
14	427
15	424
0	421
1	420
2	422
3	427
4	431
5	431
6	428
7	425
8	428
9	440
10	448
11	459
12	472
13	482
14	492
15	504
0	513
1	520
2	530
3	537
4	543
5	548
6	551
7	555
8	560
9	552
10	533
11	511
12	492
13	475
14	460
15	448
0	440
1	434
2	430
3	432
4	435
5	434
6	433
7	432
8	434
9	436
10	440
11	441
12	440
13	446
14	453
15	461
0	464
1	472
2	483
3	495
4	509
5	526
6	538
7	545
8	547
9	552
10	556
11	561
12	563
13	562
14	557
15	550
0	548
1	549
2	541
3	526
4	507
5	483
6	463
7	447
8	436
9	428
10	424
11	427
12	435
13	438
14	438
15	441
0	444
1	444
2	444
3	445
4	445
5	444
6	447
7	451
8	449
9	451
10	456
11	462
12	474
13	486
14	496
15	502
0	512
1	519
2	525
3	531
4	536
5	537
6	538
7	540
8	540
9	531
10	522
11	510
12	497
13	480
14	466
15	453
0	445
1	436
2	426
3	422
4	424
5	427
6	431
7	430
8	428
9	427
10	427
11	431
12	436
13	442
14	450
15	456
0	462
1	466
2	478
3	491
4	507
5	522
6	533
7	540
8	551
9	562
10	574
11	582
12	585
13	590
14	595
15	595
0	595
1	589
2	575
3	556
4	544
5	535
6	525
7	512
8	495
9	481
10	472
11	462
12	452
13	445
14	440
15	435
0	432
1	426
2	418
3	414
4	415
5	415
6	417
7	421
8	433
9	448
10	459
11	470
12	482
13	492
14	506
15	520
0	531
1	543
2	551
3	553
4	543
5	521
6	501
7	481
8	467
9	458
10	448
11	441
12	435
13	433
14	438
15	447
0	454
1	457
2	465
3	478
4	492
5	511
6	529
7	544
8	554
9	559
10	565
11	572
12	582
13	592
14	605
15	621
0	641
1	660
2	670
3	673
4	672
5	668
6	657
7	638
8	617
9	596
10	574
11	546
12	515
13	484
14	461
15	443
0	430
1	423
2	421
3	424
4	428
5	427
6	424
7	423
8	423
9	422
10	423
11	426
12	427
13	429
14	433
15	447
0	457
1	465
2	472
3	477
4	485
5	497
6	509
7	522
8	535
9	547
10	552
11	541
12	521
13	509
14	500
15	493
0	483
1	472
2	463
3	454
4	447
5	444
6	445
7	447
8	448
9	456
10	472
11	489
12	503
13	515
14	524
15	534
0	541
1	547
2	555
3	563
4	558
5	550
6	539
7	526
8	510
9	492
10	484
11	479
12	477
13	475
14	472
15	472
0	464
1	456
2	449
3	445
4	444
5	449
6	453
7	456
8	457
9	462
10	471
11	483
12	500
13	520
14	539
15	550
0	559
1	563
2	566
3	563
4	545
5	521
6	501
7	485
8	473
9	465
10	455
11	444
12	432
13	424
14	416
15	415
0	418
1	423
2	423
3	427
4	432
5	432
6	434
7	436
8	438
9	443
10	455
11	477
12	496
13	512
14	535
15	557
0	575
1	595
2	615
3	629
4	638
5	643
6	643
7	640
8	627
9	601
10	577
11	558
12	545
13	524
14	498
15	479
0	465
1	459
2	455
3	448
4	437
5	429
6	419
7	415
8	415
9	422
10	430
11	440
12	452
13	467
14	476
15	481
0	489
1	504
2	524
3	547
4	565
5	579
6	594
7	603
8	608
9	613
10	620
11	620
12	615
13	601
14	584
15	568
0	556
1	539
2	524
3	507
4	495
5	480
6	471
7	459
8	444
9	434
10	423
11	414
12	408
13	403
14	401
15	409
0	412
1	408
2	405
3	408
4	423
5	447
6	474
7	497
8	517
9	534
10	548
11	558
12	565
13	568
14	572
15	576
0	582
1	588
2	587
3	581
4	583
5	589
6	584
7	569
8	551
9	534
10	519
11	505
12	496
13	485
14	470
15	446
0	422
1	410
2	400
3	396
4	398
5	401
6	401
7	408
8	415
9	422
10	428
11	436
12	445
13	454
14	462
15	467
0	472
1	480
2	487
3	493
4	498
5	507
6	518
7	530
8	538
9	540
10	537
11	536
12	537
13	541
14	540
15	527
0	504
1	481
2	467
3	460
4	445
5	418
6	398
7	385
8	381
9	378
10	383
11	388
12	393
13	399
14	405
15	412
0	421
1	435
2	451
3	466
4	476
5	486
6	493
7	499
8	501
9	490
10	487
11	477
12	463
13	451
14	440
15	428
0	423
1	424
2	424
3	424
4	423
5	429
6	438
7	440
8	438
9	434
10	433
11	433
12	440
13	450
14	459
15	468
0	476
1	491
2	505
3	513
4	512
5	507
6	502
7	497
8	497
9	484
10	465
11	444
12	428
13	416
14	409
15	411
0	419
1	432
2	438
3	442
4	446
5	449
6	450
7	446
8	437
9	432
10	428
11	423
12	421
13	420
14	419
15	420
0	423
1	426
