#scientisst_nseq	scientisst_raw_AI6
0	1987
1	1986
2	1984
3	1984
4	1983
5	1985
6	1984
7	1987
8	1984
9	1985
10	1987
11	1984
12	1979
13	1982
14	1979
15	1977
0	1973
1	1971
2	1963
3	1947
4	1940
5	1943
6	1942
7	1947
8	1938
9	1940
10	1941
11	1939
12	1938
13	1939
14	1939
15	1946
0	1945
1	1947
2	1947
3	1947
4	1951
5	1953
6	1950
7	1951
8	1951
9	1948
10	1948
11	1955
12	1951
13	1949
14	1953
15	1950
0	1952
1	1954
2	1949
3	1943
4	1937
5	1943
6	1936
7	1936
8	1935
9	1936
10	1937
11	1938
12	1943
13	1937
14	1937
15	1936
0	1937
1	1937
2	1937
3	1940
4	1937
5	1936
6	1939
7	1935
8	1935
9	1935
10	1935
11	1935
12	1936
13	1935
14	1936
15	1935
0	1936
1	1935
2	1936
3	1936
4	1936
5	1938
6	1941
7	1936
8	1936
9	1936
10	1936
11	1936
12	1939
13	1936
14	1936
15	1938
0	1939
1	1937
2	1936
3	1936
4	1943
5	1937
6	1936
7	1937
8	1936
9	1936
10	1939
11	1932
12	1935
13	1931
14	1931
15	1930
0	1930
1	1926
2	1925
3	1925
4	1921
5	1922
6	1918
7	1917
8	1917
9	1911
10	1910
11	1913
12	1917
13	1915
14	1915
15	1918
0	1920
1	1920
2	1920
3	1921
4	1923
5	1923
6	1922
7	1925
8	1926
9	1933
10	1927
11	1930
12	1933
13	1933
14	1936
15	1937
0	1933
1	1936
2	1931
3	1933
4	1933
5	1933
6	1931
7	1936
8	1936
9	1933
10	1930
11	1932
12	1936
13	1931
14	1933
15	1926
0	1923
1	1925
2	1927
3	1922
4	1925
5	1922
6	1926
7	1931
8	1929
9	1926
10	1932
11	1931
12	1936
13	1931
14	1932
15	1935
0	1936
1	1935
2	1934
3	1935
4	1933
5	1934
6	1932
7	1930
8	1933
9	1934
10	1936
11	1931
12	1936
13	1933
14	1930
15	1933
0	1935
1	1931
2	1936
3	1934
4	1936
5	1931
6	1936
7	1934
8	1936
9	1931
10	1935
11	1936
12	1935
13	1934
14	1936
15	1935
0	1937
1	1936
2	1936
3	1936
4	1939
5	1936
6	1936
7	1936
8	1936
9	1935
10	1935
11	1937
12	1936
13	1938
14	1933
15	1936
0	1935
1	1935
2	1936
3	1936
4	1933
5	1934
6	1936
7	1936
8	1933
9	1936
10	1936
11	1936
12	1935
13	1938
14	1935
15	1936
0	1933
1	1935
2	1936
3	1936
4	1936
5	1935
6	1936
7	1936
8	1934
9	1935
10	1936
11	1939
12	1937
13	1937
14	1936
15	1935
0	1936
1	1935
2	1933
3	1936
4	1935
5	1936
6	1934
7	1936
8	1936
9	1937
10	1936
11	1935
12	1937
13	1936
14	1939
15	1935
0	1936
1	1936
2	1936
3	1936
4	1936
5	1938
6	1935
7	1936
8	1935
9	1933
10	1926
11	1936
12	1943
13	1945
14	1943
15	1936
0	1933
1	1929
2	1936
3	1936
4	1936
5	1936
6	1943
7	1951
8	1952
9	1953
10	1943
11	1943
12	1945
13	1946
14	1946
15	1941
0	1946
1	1942
2	1942
3	1938
4	1947
5	1941
6	1941
7	1943
8	1943
9	1945
10	1941
11	1943
12	1942
13	1945
14	1946
15	1947
0	1945
1	1942
2	1942
3	1941
4	1938
5	1938
6	1938
7	1939
8	1941
9	1939
10	1940
11	1941
12	1943
13	1939
14	1939
15	1949
