#scientisst_nseq	scientisst_raw_AI1	scientisst_raw_AI2	scientisst_raw_AI3	scientisst_raw_AI4	scientisst_raw_AI5	scientisst_raw_AI6
0	0	573	765	752	0	0
1	0	573	761	755	0	0
2	0	572	762	752	0	0
3	0	574	764	757	0	0
4	0	571	762	755	0	0
5	0	571	762	753	0	0
6	0	570	762	754	0	0
7	0	571	764	752	0	0
8	0	573	763	752	0	0
9	0	572	766	753	0	0
10	0	571	763	753	0	0
11	0	577	761	752	0	0
12	0	570	763	753	0	0
13	0	569	763	752	0	0
14	0	570	763	751	0	0
15	0	571	765	752	0	0
0	0	571	762	757	0	0
1	0	573	766	752	0	0
2	0	567	758	752	0	0
3	0	573	759	752	0	0
4	0	570	761	752	0	0
5	0	571	762	753	0	0
6	0	573	766	753	0	0
7	0	573	762	753	0	0
8	0	572	762	753	0	0
9	0	571	761	752	0	0
10	0	570	762	752	0	0
11	0	571	761	752	0	0
12	0	573	759	752	0	0
13	0	573	762	754	0	0
14	0	574	762	753	0	0
15	0	574	765	753	0	0
0	0	571	762	752	0	0
1	0	574	765	752	0	0
2	0	573	766	753	0	0
3	0	570	767	754	0	0
4	0	570	763	752	0	0
5	0	573	759	752	0	0
6	0	569	768	753	0	0
7	0	573	759	754	0	0
8	0	574	767	753	0	0
9	0	571	766	752	0	0
10	0	571	766	752	0	0
11	0	572	766	753	0	0
12	0	571	760	755	0	0
13	0	571	759	752	0	0
14	0	569	761	752	0	0
15	0	572	762	752	0	0
0	0	570	763	754	0	0
1	0	571	762	752	0	0
2	0	574	762	756	0	0
3	0	571	763	753	0	0
4	0	571	767	752	0	0
5	0	571	763	754	0	0
6	0	573	762	753	0	0
7	0	571	764	754	0	0
8	0	575	765	752	0	0
9	0	576	762	753	0	0
10	0	571	763	754	0	0
11	0	573	763	752	0	0
12	0	571	760	752	0	0
13	0	571	762	756	0	0
14	0	570	759	752	0	0
15	0	571	762	752	0	0
0	0	573	759	752	0	0
1	0	570	766	753	0	0
2	0	571	761	753	0	0
3	0	575	762	754	0	0
4	0	575	761	754	0	0
5	0	571	766	752	0	0
6	0	574	761	753	0	0
7	0	571	761	752	0	0
8	0	574	762	753	0	0
9	0	571	762	755	0	0
10	0	571	765	756	0	0
11	0	571	763	752	0	0
12	0	573	761	752	0	0
13	0	574	763	752	0	0
14	0	572	765	755	0	0
15	0	571	759	755	0	0
0	0	570	763	755	0	0
1	0	572	759	753	0	0
2	0	572	759	752	0	0
3	0	571	763	752	0	0
4	0	573	761	752	0	0
5	0	571	762	756	0	0
6	0	567	765	755	0	0
7	0	573	762	751	0	0
8	0	574	762	755	0	0
9	0	571	762	753	0	0
10	0	570	761	752	0	0
11	0	570	764	754	0	0
12	0	571	761	753	0	0
13	0	575	764	752	0	0
14	0	573	763	752	0	0
15	0	570	762	754	0	0
0	0	571	764	755	0	0
1	0	571	767	752	0	0
2	0	571	766	754	0	0
3	0	571	759	757	0	0
4	0	571	767	754	0	0
5	0	572	762	753	0	0
6	0	575	762	758	0	0
7	0	569	765	755	0	0
8	0	570	761	754	0	0
9	0	571	765	757	0	0
10	0	571	768	755	0	0
11	0	573	763	752	0	0
12	0	570	762	753	0	0
13	0	572	762	752	0	0
14	0	570	763	753	0	0
15	0	571	762	753	0	0
0	0	572	762	753	0	0
1	0	576	763	752	0	0
2	0	569	758	752	0	0
3	0	571	761	753	0	0
4	0	573	763	754	0	0
5	0	573	762	752	0	0
6	0	572	762	752	0	0
7	0	571	764	752	0	0
8	0	571	762	752	0	0
9	0	570	761	752	0	0
10	0	572	761	752	0	0
11	0	573	762	755	0	0
12	0	571	762	755	0	0
13	0	573	762	752	0	0
14	0	571	762	753	0	0
15	0	574	759	753	0	0
0	0	574	760	752	0	0
1	0	569	761	752	0	0
2	0	570	761	752	0	0
3	0	570	766	753	0	0
4	0	575	765	753	0	0
5	0	572	764	753	0	0
6	0	571	761	755	0	0
7	0	572	761	752	0	0
8	0	573	761	754	0	0
9	0	576	764	753	0	0
10	0	571	765	752	0	0
11	0	570	763	754	0	0
12	0	571	763	755	0	0
13	0	574	762	752	0	0
14	0	573	759	753	0	0
15	0	574	761	752	0	0
0	0	572	761	752	0	0
1	0	574	763	755	0	0
2	0	571	762	752	0	0
3	0	570	763	754	0	0
4	0	573	762	753	0	0
5	0	571	759	755	0	0
6	0	570	768	752	0	0
7	0	571	762	752	0	0
8	0	571	761	752	0	0
9	0	570	759	753	0	0
10	0	570	762	755	0	0
11	0	570	759	752	0	0
12	0	571	763	753	0	0
13	0	573	757	755	0	0
14	0	574	762	758	0	0
15	0	567	761	753	0	0
0	0	571	763	751	0	0
1	0	579	764	751	0	0
2	0	576	763	752	0	0
3	0	570	759	759	0	0
4	0	569	761	752	0	0
5	0	571	758	753	0	0
6	0	575	765	752	0	0
7	0	574	765	752	0	0
8	0	571	763	752	0	0
9	0	571	759	753	0	0
10	0	571	762	752	0	0
11	0	576	761	752	0	0
12	0	576	759	752	0	0
13	0	572	763	755	0	0
14	0	569	761	753	0	0
15	0	567	761	752	0	0
0	0	562	762	751	0	0
1	0	570	753	757	0	0
2	0	562	753	793	0	0
3	0	567	746	816	0	0
4	0	576	750	849	0	0
5	0	589	757	865	0	0
6	0	608	750	840	0	0
7	0	586	755	821	0	0
8	0	562	769	778	0	0
9	0	551	768	706	0	0
10	0	576	769	684	0	0
11	0	576	774	691	0	0
12	0	576	775	695	0	0
13	0	580	763	734	0	0
14	0	534	755	766	0	0
15	0	591	756	762	0	0
0	0	575	771	759	0	0
1	0	550	777	733	0	0
2	0	581	769	709	0	0
3	0	559	770	683	0	0
4	0	576	762	656	0	0
5	0	587	781	703	0	0
6	0	566	752	715	0	0
7	0	557	765	749	0	0
8	0	590	752	781	0	0
9	0	570	757	784	0	0
10	0	569	765	768	0	0
11	0	568	761	752	0	0
12	0	570	764	734	0	0
13	0	569	767	735	0	0
14	0	571	766	752	0	0
15	0	566	756	768	0	0
0	0	569	755	773	0	0
1	0	577	752	768	0	0
2	0	576	752	768	0	0
3	0	571	762	784	0	0
4	0	573	768	797	0	0
5	0	578	760	763	0	0
6	0	571	784	738	0	0
7	0	561	757	719	0	0
8	0	558	755	720	0	0
9	0	555	767	747	0	0
10	0	569	768	762	0	0
11	0	565	759	769	0	0
12	0	563	769	761	0	0
13	0	560	778	749	0	0
14	0	569	761	736	0	0
15	0	565	763	723	0	0
0	0	569	769	717	0	0
1	0	576	762	723	0	0
2	0	569	782	723	0	0
3	0	587	772	709	0	0
4	0	589	784	663	0	0
5	0	634	738	689	0	0
6	0	583	752	682	0	0
7	0	548	741	692	0	0
8	0	528	766	718	0	0
9	0	561	784	743	0	0
10	0	592	780	720	0	0
11	0	579	793	669	0	0
12	0	565	800	624	0	0
13	0	607	754	655	0	0
14	0	599	768	686	0	0
15	0	578	781	692	0	0
0	0	571	768	690	0	0
1	0	570	785	675	0	0
2	0	578	752	670	0	0
3	0	573	779	672	0	0
4	0	576	778	685	0	0
5	0	611	761	656	0	0
6	0	626	752	626	0	0
7	0	614	743	576	0	0
8	0	619	753	564	0	0
9	0	660	785	592	0	0
10	0	695	782	603	0	0
11	0	661	802	586	0	0
12	0	651	816	564	0	0
13	0	666	816	547	0	0
14	0	688	810	554	0	0
15	0	693	770	545	0	0
0	0	681	752	537	0	0
1	0	674	736	529	0	0
2	0	657	752	529	0	0
3	0	656	771	510	0	0
4	3773	647	796	511	0	0
5	0	658	791	520	0	0
6	3774	661	793	528	0	0
7	0	655	790	544	0	0
8	0	640	769	547	0	0
9	0	642	770	563	0	0
10	0	644	783	566	0	0
11	0	643	784	576	0	0
12	0	635	768	594	0	0
13	0	632	739	618	0	0
14	0	619	756	624	0	0
15	0	598	784	644	0	0
0	0	601	766	656	0	0
1	0	597	770	673	0	0
2	0	579	784	704	0	0
3	0	564	775	727	0	0
4	0	559	775	741	0	0
5	0	534	783	741	0	0
6	0	546	766	725	0	0
7	0	528	777	704	0	0
8	0	525	762	678	0	0
9	0	525	765	670	0	0
10	0	523	768	683	0	0
11	0	526	763	710	0	0
12	0	557	758	746	0	0
13	3777	547	752	753	0	0
14	3777	543	731	753	0	0
15	3777	567	771	754	0	0
0	3777	550	793	756	0	0
1	3775	579	753	771	0	0
2	3776	591	777	795	0	0
3	3778	584	800	816	0	0
4	0	614	773	825	0	0
5	0	654	771	821	0	0
6	0	640	781	837	0	0
7	0	644	773	848	0	0
8	0	637	764	843	0	0
9	0	631	735	843	0	0
10	0	627	720	832	0	0
11	0	605	734	830	0	0
12	0	613	752	834	0	0
13	0	624	768	835	0	0
14	0	639	777	829	0	0
15	0	653	779	841	0	0
0	0	663	782	859	0	0
1	0	677	778	880	0	0
2	0	668	783	899	0	0
3	0	675	763	973	0	0
4	0	656	771	944	0	0
5	0	656	778	915	0	0
6	0	655	773	880	0	0
7	0	655	751	853	0	0
8	0	624	753	859	0	0
9	0	619	750	863	0	0
10	0	637	752	865	0	0
11	0	656	750	868	0	0
12	0	659	729	880	0	0
13	0	688	753	895	0	0
14	0	668	721	924	0	0
15	0	653	718	948	0	0
0	0	656	720	976	0	0
1	0	667	739	976	0	0
2	0	670	777	945	0	0
3	0	660	784	883	0	0
4	0	623	800	821	0	0
5	0	554	723	727	0	0
6	0	653	726	816	0	0
7	0	777	734	960	0	0
8	0	791	722	1051	0	0
9	0	747	718	1075	0	0
10	0	704	752	1056	0	0
11	0	719	761	1019	0	0
12	3774	747	765	965	0	0
13	0	774	752	917	0	0
14	0	803	760	896	0	0
15	0	781	724	882	0	0
0	0	761	757	915	0	0
1	0	764	751	924	0	0
2	403	768	750	941	0	0
3	0	768	757	950	0	0
4	0	771	766	974	0	0
5	0	781	750	976	0	0
6	0	778	739	975	0	0
7	0	778	731	965	0	0
8	0	784	727	941	0	0
9	0	784	740	913	0	0
10	0	773	738	890	0	0
11	0	767	726	875	0	0
12	0	779	720	870	0	0
13	0	785	719	878	0	0
14	0	787	709	871	0	0
15	0	789	720	869	0	0
0	0	778	749	898	0	0
1	0	739	757	910	0	0
2	0	787	713	937	0	0
3	2159	817	725	951	0	0
4	3515	791	784	945	0	0
5	3776	784	743	912	0	0
6	0	768	734	912	0	0
7	0	757	735	966	0	0
8	0	772	729	1029	0	0
9	0	809	723	1072	0	0
10	0	802	719	1073	0	0
11	0	817	736	1072	0	0
12	0	811	742	1051	0	0
13	0	810	751	1003	0	0
14	0	794	751	965	0	0
15	0	783	770	953	0	0
0	0	788	762	928	0	0
1	0	807	754	933	0	0
2	0	803	754	946	0	0
3	1401	827	781	903	0	0
4	0	809	816	863	0	0
5	3773	766	784	871	0	0
6	3776	812	738	869	0	0
7	3786	831	752	899	0	0
8	0	848	757	963	0	0
9	2349	864	731	974	0	0
10	0	858	714	1002	0	0
11	0	846	704	971	0	0
12	0	816	738	924	0	0
13	0	810	767	873	0	0
14	0	810	774	865	0	0
15	0	811	761	877	0	0
0	0	794	736	934	0	0
1	0	794	724	975	0	0
2	0	816	735	980	0	0
3	0	818	751	968	0	0
4	0	815	762	947	0	0
5	0	815	754	933	0	0
6	0	795	761	940	0	0
7	0	784	752	938	0	0
8	0	783	755	942	0	0
9	0	799	752	945	0	0
10	0	795	749	965	0	0
11	0	783	735	960	0	0
12	0	773	723	944	0	0
13	0	794	762	947	0	0
14	0	793	777	941	0	0
15	0	784	770	931	0	0
0	0	780	768	913	0	0
1	0	775	752	911	0	0
2	0	784	725	940	0	0
3	0	791	746	956	0	0
4	0	786	768	955	0	0
5	0	784	787	960	0	0
6	0	768	803	961	0	0
7	0	795	749	957	0	0
8	0	757	756	915	0	0
9	0	791	710	910	0	0
10	0	791	736	905	0	0
11	0	800	720	934	0	0
12	0	808	752	976	0	0
13	0	816	763	997	0	0
14	0	805	752	971	0	0
15	0	802	752	912	0	0
0	0	794	752	911	0	0
1	3778	805	742	912	0	0
2	0	802	752	905	0	0
3	3776	799	737	924	0	0
4	0	805	720	944	0	0
5	3773	813	710	960	0	0
6	2530	819	726	964	0	0
7	3776	819	752	967	0	0
8	3776	816	762	960	0	0
9	3777	812	757	946	0	0
10	3782	816	752	934	0	0
11	3776	816	725	923	0	0
12	3785	822	752	930	0	0
13	3775	822	749	917	0	0
14	3777	818	748	918	0	0
15	3776	816	749	932	0	0
0	3778	811	745	942	0	0
1	3778	814	750	941	0	0
2	3792	816	755	944	0	0
3	3776	821	765	944	0	0
4	3778	829	763	931	0	0
5	3783	830	748	937	0	0
6	3779	826	745	944	0	0
7	3773	823	742	941	0	0
8	3783	826	741	951	0	0
9	3776	822	739	942	0	0
10	3776	816	749	930	0	0
11	3778	814	751	930	0	0
12	3781	816	753	920	0	0
13	3774	831	752	927	0	0
14	3776	837	740	933	0	0
15	3776	833	740	944	0	0
0	3787	830	746	941	0	0
1	3774	829	742	939	0	0
2	3786	825	747	929	0	0
3	3782	825	747	930	0	0
4	3785	825	745	938	0	0
5	3779	825	746	934	0	0
6	3785	827	751	934	0	0
7	3774	823	745	937	0	0
8	3789	819	747	937	0	0
9	3776	817	747	943	0	0
10	3777	816	747	943	0	0
11	3781	816	745	942	0	0
12	3777	814	750	943	0	0
13	3782	807	760	939	0	0
14	3779	786	754	928	0	0
15	3774	819	753	946	0	0
0	3777	816	752	944	0	0
1	3777	818	752	944	0	0
2	3778	815	752	944	0	0
3	3775	817	749	943	0	0
4	3776	817	749	928	0	0
5	3787	832	744	912	0	0
6	3777	837	743	913	0	0
7	3776	823	747	923	0	0
8	3776	813	746	939	0	0
9	3773	807	752	943	0	0
10	3776	800	749	945	0	0
11	3775	802	751	945	0	0
12	3776	801	745	944	0	0
13	3776	807	739	942	0	0
14	3777	816	743	938	0	0
15	3773	816	743	937	0	0
0	3776	816	747	942	0	0
1	3781	810	750	943	0	0
2	813	807	749	944	0	0
3	3777	810	751	941	0	0
4	0	809	745	939	0	0
5	3776	807	744	940	0	0
6	0	805	742	939	0	0
7	843	807	748	943	0	0
8	0	806	746	944	0	0
9	0	813	740	944	0	0
10	0	816	740	940	0	0
11	0	814	740	928	0	0
12	0	807	745	929	0	0
13	0	801	747	938	0	0
14	0	811	749	942	0	0
15	0	809	747	942	0	0
0	0	805	749	941	0	0
1	0	801	752	937	0	0
2	385	816	742	944	0	0
3	3776	815	741	938	0	0
4	3776	809	742	944	0	0
5	3777	805	741	944	0	0
6	3785	803	745	939	0	0
7	3776	803	752	933	0	0
8	3785	805	747	944	0	0
9	3787	801	749	931	0	0
10	3776	804	742	944	0	0
11	3780	805	746	944	0	0
12	3777	802	750	918	0	0
13	3776	803	747	937	0	0
14	3776	809	741	949	0	0
15	325	807	745	952	0	0
0	0	803	748	938	0	0
1	0	802	752	928	0	0
2	0	803	746	935	0	0
3	0	802	744	944	0	0
4	0	801	743	946	0	0
5	0	801	745	944	0	0
6	0	803	746	944	0	0
7	0	804	743	940	0	0
8	0	805	741	934	0	0
9	0	802	745	939	0	0
10	0	802	745	939	0	0
11	0	802	746	941	0	0
12	0	800	748	942	0	0
13	0	799	749	941	0	0
14	0	799	741	944	0	0
15	0	799	743	944	0	0
0	0	803	743	939	0	0
1	0	800	741	943	0	0
2	0	801	743	944	0	0
3	0	802	747	941	0	0
4	0	799	742	940	0	0
5	0	794	745	942	0	0
6	0	794	742	939	0	0
7	0	795	746	944	0	0
8	0	800	743	944	0	0
9	3776	795	741	942	0	0
10	3776	798	743	939	0	0
11	3774	801	741	934	0	0
12	3782	799	742	934	0	0
13	3774	800	743	941	0	0
14	3785	799	749	944	0	0
15	3780	803	748	950	0	0
0	3789	803	744	940	0	0
1	3778	800	749	941	0	0
2	3776	798	747	942	0	0
3	3785	800	748	944	0	0
4	3776	806	749	937	0	0
5	3776	801	746	931	0	0
6	0	803	746	938	0	0
7	0	801	746	944	0	0
8	0	801	747	944	0	0
9	0	799	747	953	0	0
10	0	800	749	950	0	0
11	0	803	743	945	0	0
12	0	801	742	943	0	0
13	0	802	750	935	0	0
14	0	803	745	933	0	0
15	0	800	749	935	0	0
0	0	801	744	943	0	0
1	0	798	746	943	0	0
2	0	800	743	947	0	0
3	0	803	749	944	0	0
4	0	807	749	942	0	0
5	0	802	742	938	0	0
6	0	803	745	936	0	0
7	0	807	746	937	0	0
8	3787	801	746	939	0	0
9	3779	808	752	944	0	0
10	3777	801	745	944	0	0
11	3777	803	743	944	0	0
12	3784	802	744	944	0	0
13	3776	810	745	935	0	0
14	3789	806	748	933	0	0
15	3778	804	747	931	0	0
0	3776	803	747	933	0	0
1	3776	810	748	939	0	0
2	3776	800	746	938	0	0
3	3776	806	745	942	0	0
4	3777	801	743	946	0	0
5	3784	799	743	946	0	0
6	3776	798	743	945	0	0
7	3779	799	750	944	0	0
8	3785	797	745	940	0	0
9	3775	806	747	935	0	0
10	3779	801	746	940	0	0
11	3786	800	749	940	0	0
12	3787	799	747	938	0	0
13	3782	798	746	942	0	0
14	3777	799	743	944	0	0
15	3777	798	745	942	0	0
0	3779	801	742	941	0	0
1	3776	807	741	938	0	0
2	3789	801	742	932	0	0
3	3776	801	742	929	0	0
4	3787	803	745	939	0	0
5	3779	803	744	942	0	0
6	3774	803	747	943	0	0
7	3773	802	738	933	0	0
8	3778	797	743	931	0	0
9	3779	793	741	939	0	0
10	3777	798	746	944	0	0
11	3775	804	742	944	0	0
12	3776	805	742	940	0	0
13	3775	805	739	941	0	0
14	3775	800	741	937	0	0
15	3774	799	741	944	0	0
0	3776	799	741	950	0	0
1	3785	800	741	945	0	0
2	3776	797	742	942	0	0
3	3776	799	741	941	0	0
4	3775	800	743	939	0	0
5	3786	802	743	936	0	0
6	3775	802	740	937	0	0
7	3776	802	738	935	0	0
8	3776	797	742	939	0	0
9	3776	797	745	940	0	0
10	3777	796	746	943	0	0
11	3776	801	744	941	0	0
12	3787	800	741	940	0	0
13	3775	799	739	943	0	0
14	3776	799	741	944	0	0
15	3788	799	741	944	0	0
0	3776	797	740	936	0	0
1	3777	799	743	938	0	0
2	3774	796	746	942	0	0
3	3775	798	742	943	0	0
4	3781	796	743	944	0	0
5	3775	801	743	942	0	0
6	3776	797	750	941	0	0
7	3781	798	741	939	0	0
8	3787	800	741	942	0	0
9	3774	799	741	936	0	0
10	3774	800	745	940	0	0
11	3775	800	741	937	0	0
12	3783	801	745	938	0	0
13	3774	802	742	941	0	0
14	3776	803	742	939	0	0
15	3775	803	741	942	0	0
0	3774	799	742	944	0	0
1	3787	799	739	943	0	0
2	3776	801	741	944	0	0
3	3785	798	743	944	0	0
4	3776	800	741	941	0	0
5	3776	801	741	943	0	0
6	3776	797	743	942	0	0
7	3776	800	743	940	0	0
8	3777	802	745	939	0	0
9	3775	799	743	937	0	0
10	3777	803	741	943	0	0
11	3774	800	738	942	0	0
12	3778	799	739	940	0	0
13	3776	795	745	942	0	0
14	3774	795	743	939	0	0
15	3776	795	742	941	0	0
0	3776	794	743	941	0	0
1	3787	799	741	939	0	0
2	3775	802	739	940	0	0
3	3777	795	734	929	0	0
4	3777	798	743	919	0	0
5	3783	802	752	935	0	0
6	3776	807	746	945	0	0
7	3786	802	743	947	0	0
8	3787	803	743	944	0	0
9	3777	797	752	942	0	0
10	3142	800	741	939	0	0
11	3787	799	735	944	0	0
12	2844	801	745	944	0	0
13	1573	789	749	934	0	0
14	0	806	753	949	0	0
15	0	810	745	947	0	0
0	0	811	746	943	0	0
1	0	803	742	934	0	0
2	0	805	750	938	0	0
3	0	800	749	941	0	0
4	0	810	746	938	0	0
5	0	814	749	937	0	0
6	0	810	747	935	0	0
7	0	801	748	928	0	0
8	0	800	745	931	0	0
9	0	798	747	934	0	0
10	0	800	745	938	0	0
11	0	805	743	944	0	0
12	0	806	740	945	0	0
13	0	806	742	944	0	0
14	0	805	746	944	0	0
15	1014	806	746	937	0	0
0	2122	804	746	943	0	0
1	3783	810	743	941	0	0
2	3211	809	749	942	0	0
3	3774	807	746	944	0	0
4	3523	806	747	940	0	0
5	3776	803	741	944	0	0
6	1131	804	744	944	0	0
7	2704	810	738	944	0	0
8	547	802	746	938	0	0
9	2607	804	738	935	0	0
10	1006	802	741	937	0	0
11	3241	810	743	944	0	0
12	1595	807	742	944	0	0
13	3767	804	743	940	0	0
14	1911	805	747	943	0	0
15	3786	803	741	944	0	0
0	2000	805	747	944	0	0
1	3777	803	739	934	0	0
2	1872	800	737	938	0	0
3	3616	795	741	920	0	0
4	1472	803	752	938	0	0
5	3533	807	751	944	0	0
6	1882	805	747	950	0	0
7	3777	806	738	939	0	0
8	1699	806	741	941	0	0
9	3568	811	746	938	0	0
10	1892	805	743	938	0	0
11	3775	806	744	938	0	0
12	2311	802	743	937	0	0
13	3783	803	745	938	0	0
14	2331	803	741	937	0	0
15	3777	805	743	941	0	0
0	2448	802	746	942	0	0
1	3773	806	746	944	0	0
2	2181	804	745	941	0	0
3	3777	809	743	941	0	0
4	1945	809	746	938	0	0
5	3632	805	742	943	0	0
6	1674	807	743	935	0	0
7	3579	802	743	937	0	0
8	1971	801	751	937	0	0
9	3777	806	751	944	0	0
10	2433	806	745	940	0	0
11	3774	805	749	941	0	0
12	2644	810	747	941	0	0
13	3777	807	746	938	0	0
14	3787	805	741	935	0	0
15	3778	807	742	940	0	0
0	1363	805	747	938	0	0
1	2832	805	742	944	0	0
2	951	807	743	942	0	0
3	2455	806	737	934	0	0
4	831	803	743	938	0	0
5	2469	807	745	940	0	0
6	929	807	748	944	0	0
7	2817	816	747	944	0	0
8	1289	810	744	939	0	0
9	2937	811	743	934	0	0
10	1246	807	745	934	0	0
11	2838	809	742	939	0	0
12	1216	810	746	939	0	0
13	2899	806	747	938	0	0
14	1349	805	746	942	0	0
15	3044	806	746	942	0	0
0	1441	808	742	944	0	0
1	3056	811	746	941	0	0
2	1386	808	749	942	0	0
3	2896	806	747	938	0	0
4	1296	804	748	938	0	0
5	2750	805	746	938	0	0
6	1187	806	743	942	0	0
7	2690	808	747	938	0	0
8	1088	813	745	937	0	0
9	2647	811	751	939	0	0
10	1153	812	748	944	0	0
11	2799	813	746	943	0	0
12	1200	806	749	946	0	0
13	2622	814	750	941	0	0
14	1037	805	746	939	0	0
15	2503	811	745	935	0	0
0	970	811	749	942	0	0
1	2430	813	745	938	0	0
2	877	814	741	941	0	0
3	2297	811	741	941	0	0
4	744	815	743	940	0	0
5	2279	812	746	939	0	0
6	811	806	747	935	0	0
7	2362	812	747	940	0	0
8	851	811	745	944	0	0
9	2298	810	741	940	0	0
10	825	813	745	941	0	0
11	2375	811	742	939	0	0
12	896	810	748	942	0	0
13	2311	810	745	941	0	0
14	745	809	742	942	0	0
15	2226	809	743	934	0	0
0	752	813	747	935	0	0
1	2288	809	742	930	0	0
2	912	815	744	937	0	0
3	2466	813	743	942	0	0
4	974	814	747	945	0	0
5	2358	811	750	944	0	0
6	714	812	746	942	0	0
7	2101	815	743	943	0	0
8	606	811	742	944	0	0
9	2179	813	747	940	0	0
10	848	813	746	939	0	0
11	2417	810	745	941	0	0
12	976	816	746	937	0	0
13	2377	814	746	939	0	0
14	837	807	746	943	0	0
15	2278	810	743	942	0	0
0	735	814	742	937	0	0
1	2266	810	745	940	0	0
2	1709	811	748	937	0	0
3	3776	816	741	937	0	0
4	2571	813	741	938	0	0
5	2387	810	741	939	0	0
6	976	815	749	939	0	0
7	2490	811	747	944	0	0
8	1186	811	743	941	0	0
9	2800	810	743	933	0	0
10	1438	810	746	933	0	0
11	2762	810	746	944	0	0
12	1196	816	747	944	0	0
13	2503	813	741	939	0	0
14	1093	812	746	935	0	0
15	2528	814	742	935	0	0
0	1230	815	747	937	0	0
1	2704	815	747	939	0	0
2	1314	811	745	938	0	0
3	2608	809	746	938	0	0
4	1108	809	742	939	0	0
5	2443	811	749	942	0	0
6	1096	807	743	943	0	0
7	2512	814	743	936	0	0
8	1187	811	741	939	0	0
9	2534	811	746	940	0	0
10	1150	813	749	943	0	0
11	2407	812	745	943	0	0
12	926	809	744	941	0	0
13	2246	810	741	941	0	0
14	947	807	743	935	0	0
15	2352	815	745	938	0	0
0	1050	807	742	944	0	0
1	2320	815	743	942	0	0
2	870	813	746	941	0	0
3	2134	811	747	940	0	0
4	784	810	748	944	0	0
5	2089	809	744	940	0	0
6	768	813	742	941	0	0
7	2135	806	743	943	0	0
8	880	806	745	939	0	0
9	2291	809	741	943	0	0
10	1055	811	746	939	0	0
11	2458	811	747	943	0	0
12	1147	812	746	939	0	0
13	2383	809	744	944	0	0
14	976	809	745	944	0	0
15	2302	805	743	944	0	0
0	1018	802	746	943	0	0
1	2393	802	749	939	0	0
2	1104	807	746	944	0	0
3	2502	803	743	939	0	0
4	1236	807	749	938	0	0
5	2558	809	745	937	0	0
6	1197	810	743	938	0	0
7	2544	806	747	939	0	0
8	1276	805	745	938	0	0
9	2597	805	745	943	0	0
10	1213	806	747	940	0	0
11	2482	805	746	943	0	0
12	1081	810	747	939	0	0
13	2309	810	747	935	0	0
14	898	806	746	942	0	0
15	2081	807	747	940	0	0
0	602	806	746	939	0	0
1	1853	802	744	935	0	0
2	467	805	746	941	0	0
3	1776	803	744	939	0	0
4	363	806	745	938	0	0
5	1430	807	747	944	0	0
6	508	806	743	939	0	0
7	2752	806	742	937	0	0
8	1661	802	743	938	0	0
9	1691	802	745	942	0	0
10	0	803	746	944	0	0
11	1325	802	749	944	0	0
12	0	805	747	944	0	0
13	1200	809	741	940	0	0
14	0	804	746	932	0	0
15	1258	804	748	939	0	0
0	75	809	747	943	0	0
1	1517	807	750	945	0	0
2	195	808	744	942	0	0
3	1456	805	748	937	0	0
4	76	802	745	939	0	0
5	1456	801	747	942	0	0
6	275	802	743	942	0	0
7	1633	807	747	944	0	0
8	293	802	743	941	0	0
9	1703	809	744	943	0	0
10	496	804	745	944	0	0
11	1871	803	742	944	0	0
12	560	800	741	943	0	0
13	1886	800	742	942	0	0
14	598	801	741	939	0	0
15	1971	809	746	939	0	0
0	707	806	745	936	0	0
1	2000	806	749	935	0	0
2	689	805	745	938	0	0
3	2076	804	743	939	0	0
4	813	803	747	944	0	0
5	2169	801	743	943	0	0
6	876	801	742	944	0	0
7	2222	801	747	944	0	0
8	941	802	743	943	0	0
9	2234	806	742	937	0	0
10	899	805	741	941	0	0
11	2229	805	743	939	0	0
12	1000	804	742	940	0	0
13	2331	809	742	935	0	0
14	1034	803	746	937	0	0
15	2257	802	746	939	0	0
0	867	803	745	942	0	0
1	2096	806	747	939	0	0
2	682	803	746	942	0	0
3	1923	803	743	941	0	0
4	543	803	744	941	0	0
5	1818	805	741	942	0	0
6	375	802	742	943	0	0
7	1712	807	741	944	0	0
8	348	806	743	944	0	0
9	1729	803	750	944	0	0
10	321	801	746	940	0	0
11	1707	799	747	942	0	0
12	386	805	743	940	0	0
13	1781	803	739	939	0	0
14	432	806	743	938	0	0
15	1847	803	741	941	0	0
0	450	804	742	941	0	0
1	1792	802	745	944	0	0
2	368	798	743	941	0	0
3	1862	798	742	942	0	0
4	384	801	739	939	0	0
5	1662	801	743	938	0	0
6	962	806	742	936	0	0
7	3429	807	741	938	0	0
8	2443	802	741	938	0	0
9	2213	803	742	942	0	0
10	758	801	741	943	0	0
11	2466	801	742	944	0	0
12	850	799	736	943	0	0
13	2078	813	746	934	0	0
14	407	803	743	943	0	0
15	2304	806	742	944	0	0
0	832	806	743	938	0	0
1	2166	803	741	940	0	0
2	771	805	739	935	0	0
3	2176	801	743	939	0	0
4	813	799	741	943	0	0
5	2192	799	743	945	0	0
6	743	799	741	943	0	0
7	2150	801	743	945	0	0
8	710	803	743	943	0	0
9	2144	803	738	941	0	0
10	704	805	741	944	0	0
11	2145	802	743	941	0	0
12	816	801	742	941	0	0
13	2192	802	741	938	0	0
14	812	800	737	938	0	0
15	2240	800	742	940	0	0
0	861	802	745	942	0	0
1	2363	802	741	941	0	0
2	954	804	743	941	0	0
3	2485	804	741	941	0	0
4	1133	801	743	944	0	0
5	2547	798	746	939	0	0
6	1166	805	746	942	0	0
7	2610	800	746	943	0	0
8	1182	803	739	943	0	0
9	2640	801	739	938	0	0
10	1201	802	743	941	0	0
11	2767	800	739	936	0	0
12	1431	801	740	934	0	0
13	2926	801	742	937	0	0
14	1659	801	745	939	0	0
15	3120	805	742	942	0	0
0	1665	805	739	944	0	0
1	3130	800	745	941	0	0
2	1625	800	741	941	0	0
3	3109	802	739	942	0	0
4	1691	800	740	943	0	0
5	3121	801	739	939	0	0
6	1622	799	743	939	0	0
7	3045	798	742	944	0	0
8	1453	799	743	940	0	0
9	2800	801	741	941	0	0
10	1178	802	743	942	0	0
11	2482	800	741	942	0	0
12	856	799	741	939	0	0
13	2231	795	726	941	0	0
14	611	802	743	943	0	0
15	2032	800	738	943	0	0
0	327	801	743	941	0	0
1	1608	800	742	939	0	0
2	816	799	743	941	0	0
3	3344	797	739	939	0	0
4	1606	795	738	941	0	0
5	1479	798	742	944	0	0
6	0	795	737	944	0	0
7	1841	796	742	942	0	0
8	262	801	742	941	0	0
9	2148	798	736	934	0	0
10	698	798	741	934	0	0
11	2352	797	747	941	0	0
12	1070	802	747	946	0	0
13	2715	802	742	941	0	0
14	1238	800	742	935	0	0
15	2817	793	743	942	0	0
0	1266	796	745	944	0	0
1	2889	802	743	944	0	0
2	1258	800	746	947	0	0
3	2829	799	743	942	0	0
4	1191	801	743	942	0	0
5	2702	802	743	944	0	0
6	1137	802	741	941	0	0
7	2711	801	741	943	0	0
8	991	801	747	941	0	0
9	2433	799	741	941	0	0
10	778	800	745	939	0	0
11	2311	797	742	940	0	0
12	623	800	747	941	0	0
13	2114	800	745	943	0	0
14	458	800	742	940	0	0
15	2044	798	743	943	0	0
0	454	798	746	943	0	0
1	2128	800	744	944	0	0
2	634	795	745	944	0	0
3	2211	798	743	943	0	0
4	821	801	744	942	0	0
5	2388	800	742	938	0	0
6	875	801	743	931	0	0
7	2451	801	742	937	0	0
8	1020	799	743	939	0	0
9	2581	799	743	935	0	0
10	1116	796	742	939	0	0
11	2630	799	743	944	0	0
12	1088	799	739	943	0	0
13	2640	798	741	944	0	0
14	1079	802	741	943	0	0
15	2533	799	742	943	0	0
0	951	798	748	943	0	0
1	2416	795	742	944	0	0
2	739	798	741	944	0	0
3	2144	798	745	939	0	0
4	509	794	739	944	0	0
5	2020	798	743	944	0	0
6	434	798	742	941	0	0
7	1981	797	741	943	0	0
8	554	798	742	942	0	0
9	2080	800	742	944	0	0
10	466	800	739	938	0	0
11	1920	800	742	934	0	0
12	1511	801	741	934	0	0
13	3776	798	741	938	0	0
14	2768	796	741	943	0	0
15	2345	798	742	944	0	0
0	1271	797	741	944	0	0
1	3054	802	749	944	0	0
2	1449	801	742	942	0	0
3	2949	800	739	935	0	0
4	1407	799	743	940	0	0
5	2766	798	742	944	0	0
6	1232	802	742	944	0	0
7	2569	802	738	938	0	0
8	1008	798	742	934	0	0
9	2342	791	742	935	0	0
10	759	795	746	944	0	0
11	2167	794	739	945	0	0
12	672	800	744	945	0	0
13	1982	799	741	944	0	0
14	446	797	739	944	0	0
15	1897	797	740	945	0	0
0	464	798	741	939	0	0
1	1919	799	743	938	0	0
2	603	795	741	940	0	0
3	2051	797	743	944	0	0
4	814	795	743	941	0	0
5	2301	795	743	943	0	0
6	1043	797	745	939	0	0
7	2498	798	745	941	0	0
8	1281	800	746	940	0	0
9	2771	799	743	940	0	0
10	1587	801	741	941	0	0
11	3024	798	745	938	0	0
12	1745	797	742	944	0	0
13	3153	795	742	941	0	0
14	1858	792	747	944	0	0
15	3184	797	745	943	0	0
0	1739	798	743	942	0	0
1	2983	795	741	940	0	0
2	1509	800	747	939	0	0
3	2742	799	741	936	0	0
4	1260	797	742	942	0	0
5	2513	795	741	944	0	0
6	991	796	743	944	0	0
7	2224	797	745	943	0	0
8	754	798	741	944	0	0
9	1961	795	742	938	0	0
10	576	797	742	938	0	0
11	1870	794	741	944	0	0
12	577	796	742	944	0	0
13	1953	795	741	942	0	0
14	705	800	742	943	0	0
15	2011	802	739	941	0	0
0	827	802	742	937	0	0
1	2178	799	742	937	0	0
2	1029	797	746	940	0	0
3	2347	795	747	942	0	0
4	1162	795	742	941	0	0
5	2414	798	743	939	0	0
6	977	799	739	943	0	0
7	2752	799	742	941	0	0
8	2487	798	739	940	0	0
9	3774	797	742	939	0	0
10	1697	799	742	942	0	0
11	2101	794	747	942	0	0
12	909	795	748	947	0	0
13	2039	799	744	944	0	0
14	530	800	738	933	0	0
15	1807	794	742	928	0	0
0	246	791	745	941	0	0
1	1610	799	741	947	0	0
2	265	800	742	945	0	0
3	1589	800	743	944	0	0
4	219	795	742	939	0	0
5	1595	797	747	941	0	0
6	320	795	745	935	0	0
7	1793	790	742	944	0	0
8	483	790	744	944	0	0
9	1826	797	742	944	0	0
10	569	800	742	943	0	0
11	1948	793	739	941	0	0
12	736	795	740	942	0	0
13	2139	796	739	943	0	0
14	928	799	740	943	0	0
15	2271	797	744	939	0	0
0	1072	794	741	940	0	0
1	2448	794	741	942	0	0
2	1230	797	743	935	0	0
3	2541	800	739	941	0	0
4	1429	796	739	939	0	0
5	2869	795	743	935	0	0
6	1713	795	742	944	0	0
7	3056	797	742	946	0	0
8	1812	797	743	944	0	0
9	3056	795	745	944	0	0
10	1732	794	745	942	0	0
11	2947	794	743	936	0	0
12	1491	791	742	937	0	0
13	2743	791	747	944	0	0
14	1265	795	741	938	0	0
15	2487	793	746	943	0	0
0	1019	796	747	945	0	0
1	2218	797	746	942	0	0
2	698	791	741	937	0	0
3	1869	790	744	939	0	0
4	288	797	741	943	0	0
5	1529	794	739	944	0	0
6	0	796	741	944	0	0
7	1301	794	742	944	0	0
8	0	799	745	940	0	0
9	1091	797	745	943	0	0
10	0	797	743	941	0	0
11	1360	800	741	942	0	0
12	167	796	741	944	0	0
13	1630	795	741	943	0	0
14	570	794	741	944	0	0
15	2003	794	742	944	0	0
0	914	795	741	941	0	0
1	2342	792	745	942	0	0
2	1234	795	742	943	0	0
3	2515	791	741	942	0	0
4	1483	794	742	939	0	0
5	3783	794	741	942	0	0
6	3431	791	743	942	0	0
7	3696	791	746	939	0	0
8	1392	792	743	941	0	0
9	3002	790	747	943	0	0
10	1461	797	745	945	0	0
11	2705	797	739	942	0	0
12	1272	789	741	931	0	0
13	2390	787	746	939	0	0
14	962	795	742	944	0	0
15	2193	794	744	944	0	0
0	901	792	746	944	0	0
1	2074	796	743	941	0	0
2	746	795	742	942	0	0
3	2002	794	742	943	0	0
4	865	795	744	941	0	0
5	2160	790	743	944	0	0
6	1003	789	743	945	0	0
7	2181	789	745	947	0	0
8	1016	791	741	944	0	0
9	2320	793	740	942	0	0
10	1200	794	743	942	0	0
11	2432	792	742	942	0	0
12	1328	789	742	941	0	0
13	2602	789	745	939	0	0
14	1453	789	741	942	0	0
15	2680	790	745	944	0	0
0	1477	788	743	942	0	0
1	2663	792	742	939	0	0
2	1455	795	747	941	0	0
3	2639	794	742	942	0	0
4	1347	791	740	942	0	0
5	2506	790	743	943	0	0
6	1264	793	743	943	0	0
7	2407	795	742	944	0	0
8	1165	794	747	942	0	0
9	2352	795	745	940	0	0
10	1134	795	745	944	0	0
11	2317	791	742	941	0	0
12	1125	787	743	943	0	0
13	2291	786	742	942	0	0
14	1142	793	743	943	0	0
15	2321	789	745	943	0	0
0	1163	790	749	944	0	0
1	2304	791	746	942	0	0
2	1141	790	743	942	0	0
3	2320	793	746	944	0	0
4	1171	785	743	941	0	0
5	2323	787	741	943	0	0
6	1230	792	746	944	0	0
7	2377	791	746	942	0	0
8	1226	792	743	939	0	0
9	2347	791	742	938	0	0
10	1251	791	746	944	0	0
11	2417	794	742	944	0	0
12	1271	790	741	944	0	0
13	2432	791	739	941	0	0
14	1285	791	741	942	0	0
15	2365	789	747	944	0	0
0	1231	790	746	943	0	0
1	2315	790	743	941	0	0
2	1108	790	746	944	0	0
3	2067	795	745	945	0	0
4	699	791	739	941	0	0
5	2000	793	741	941	0	0
6	1687	790	744	944	0	0
7	3125	790	741	944	0	0
8	1347	791	741	941	0	0
9	1566	789	741	940	0	0
10	576	790	744	944	0	0
11	1682	797	742	944	0	0
12	447	795	739	941	0	0
13	1632	787	741	935	0	0
14	603	786	744	942	0	0
15	1762	793	743	944	0	0
0	802	796	743	944	0	0
1	1990	790	741	939	0	0
2	1056	796	746	942	0	0
3	2160	791	741	944	0	0
4	1227	794	742	939	0	0
5	2369	791	743	942	0	0
6	1365	789	741	944	0	0
7	2298	789	739	944	0	0
8	1186	790	742	946	0	0
9	2257	787	743	944	0	0
10	1203	784	749	945	0	0
11	2237	790	742	944	0	0
12	1114	789	742	942	0	0
13	2052	787	747	943	0	0
14	986	789	742	941	0	0
15	1957	789	745	941	0	0
0	883	791	743	944	0	0
1	1983	791	743	941	0	0
2	992	788	741	938	0	0
3	2058	786	747	939	0	0
4	1184	790	743	942	0	0
5	2237	790	747	944	0	0
6	1289	790	750	944	0	0
7	2299	795	745	943	0	0
8	1333	791	743	941	0	0
9	2345	789	746	939	0	0
10	1298	792	745	941	0	0
11	2354	789	746	942	0	0
12	1338	790	744	944	0	0
13	2299	791	746	943	0	0
14	1223	790	749	944	0	0
15	2127	790	742	944	0	0
0	1037	799	746	944	0	0
1	1889	793	741	944	0	0
2	785	793	741	939	0	0
3	1702	796	741	941	0	0
4	666	794	739	945	0	0
5	1629	791	742	944	0	0
6	643	791	747	947	0	0
7	1625	790	743	941	0	0
8	692	792	741	940	0	0
9	1739	791	745	944	0	0
10	880	791	747	944	0	0
11	1825	791	743	944	0	0
12	943	790	743	943	0	0
13	1963	786	743	943	0	0
14	1110	786	742	947	0	0
15	2145	789	742	946	0	0
0	1251	793	743	944	0	0
1	2175	791	743	944	0	0
2	1263	794	742	938	0	0
3	2235	790	743	938	0	0
4	1280	791	747	942	0	0
5	2035	794	743	941	0	0
6	999	791	741	944	0	0
7	2752	787	746	942	0	0
8	2582	791	742	944	0	0
9	2997	788	739	940	0	0
10	942	789	745	941	0	0
11	2054	787	746	943	0	0
12	1054	795	745	943	0	0
13	1954	799	743	943	0	0
14	956	790	741	932	0	0
15	1846	785	746	937	0	0
0	880	794	746	943	0	0
1	1906	790	745	944	0	0
2	945	793	742	944	0	0
3	1895	786	743	941	0	0
4	938	795	743	942	0	0
5	1834	794	745	941	0	0
6	894	791	743	942	0	0
7	1777	791	745	944	0	0
8	730	789	745	945	0	0
9	1585	790	743	943	0	0
10	565	790	744	944	0	0
11	1488	790	745	942	0	0
12	414	790	746	944	0	0
13	1211	794	745	939	0	0
14	176	791	746	944	0	0
15	1035	789	750	938	0	0
0	70	797	747	943	0	0
1	887	793	747	941	0	0
2	0	789	744	942	0	0
3	867	788	741	942	0	0
4	112	790	742	945	0	0
5	1086	790	747	946	0	0
6	342	791	743	946	0	0
7	1342	789	750	944	0	0
8	441	790	747	945	0	0
9	1374	795	745	944	0	0
10	478	793	746	945	0	0
11	1491	789	745	942	0	0
12	470	793	744	940	0	0
13	1440	794	745	944	0	0
14	423	798	748	942	0	0
15	1398	797	746	944	0	0
0	215	786	746	949	0	0
1	1087	786	749	944	0	0
2	0	787	749	943	0	0
3	725	791	745	943	0	0
4	0	789	745	941	0	0
5	150	790	746	943	0	0
6	0	788	743	944	0	0
7	0	791	746	944	0	0
8	0	791	746	944	0	0
9	0	791	751	942	0	0
10	0	791	750	941	0	0
11	0	793	751	941	0	0
12	0	790	746	944	0	0
13	0	790	750	942	0	0
14	0	787	751	942	0	0
15	0	790	745	944	0	0
0	0	790	743	944	0	0
1	0	796	746	943	0	0
2	0	795	751	941	0	0
3	0	799	745	941	0	0
4	0	799	752	939	0	0
5	560	799	747	939	0	0
6	880	799	745	940	0	0
7	592	798	749	944	0	0
8	0	795	750	944	0	0
9	336	797	751	944	0	0
10	0	798	750	946	0	0
11	1328	801	746	944	0	0
12	397	805	752	943	0	0
13	1929	805	749	945	0	0
14	1087	803	752	946	0	0
15	2390	800	747	943	0	0
0	1508	800	750	933	0	0
1	2741	800	747	930	0	0
2	1732	798	747	933	0	0
3	2993	803	747	941	0	0
4	2077	801	749	944	0	0
5	3280	800	747	949	0	0
6	2096	798	749	945	0	0
7	3193	796	749	944	0	0
8	2023	800	747	944	0	0
9	3130	803	749	944	0	0
10	1904	803	751	937	0	0
11	2846	798	751	939	0	0
12	1600	799	750	939	0	0
13	2640	797	750	941	0	0
14	1403	797	749	941	0	0
15	2494	802	749	942	0	0
0	1293	799	750	944	0	0
1	2477	798	751	943	0	0
2	1381	798	752	942	0	0
3	2510	798	751	938	0	0
4	1405	799	751	942	0	0
5	2545	805	747	944	0	0
6	1515	800	747	944	0	0
7	2775	797	749	945	0	0
8	1839	801	747	950	0	0
9	2958	797	749	944	0	0
10	2031	801	747	941	0	0
11	3127	799	751	939	0	0
12	2193	804	751	938	0	0
13	3338	799	749	939	0	0
14	2418	802	747	943	0	0
15	3546	805	747	943	0	0
0	2572	801	749	940	0	0
1	3600	803	749	939	0	0
2	2546	803	749	938	0	0
3	3513	802	749	937	0	0
4	2534	802	747	942	0	0
5	3472	805	749	934	0	0
6	2325	808	747	934	0	0
7	3451	804	747	939	0	0
8	2029	802	748	943	0	0
9	2924	805	747	941	0	0
10	1438	800	745	944	0	0
11	2227	802	746	944	0	0
12	685	805	745	944	0	0
13	1294	809	749	944	0	0
14	0	806	747	935	0	0
15	0	805	744	931	0	0
0	0	803	752	938	0	0
1	0	801	745	944	0	0
2	0	800	751	944	0	0
3	0	803	746	944	0	0
4	0	801	750	944	0	0
5	0	807	751	945	0	0
6	0	806	747	937	0	0
7	0	801	749	928	0	0
8	0	801	752	930	0	0
9	0	811	747	939	0	0
10	0	811	750	941	0	0
11	0	805	747	939	0	0
12	0	801	749	941	0	0
13	0	804	752	941	0	0
14	0	806	749	945	0	0
15	0	802	752	949	0	0
0	0	802	752	945	0	0
1	0	806	749	941	0	0
2	0	802	752	941	0	0
3	0	807	748	939	0	0
4	0	805	750	941	0	0
5	0	805	747	943	0	0
6	0	804	749	942	0	0
7	0	802	751	934	0	0
8	0	803	747	938	0	0
9	0	801	752	938	0	0
10	0	801	747	939	0	0
11	0	805	747	939	0	0
12	0	806	748	944	0	0
13	0	802	751	944	0	0
14	0	801	748	943	0	0
15	0	802	751	944	0	0
0	0	802	752	944	0	0
1	0	803	752	943	0	0
2	0	806	752	935	0	0
3	0	805	752	937	0	0
4	0	804	749	934	0	0
5	0	797	748	938	0	0
6	0	796	743	944	0	0
7	0	795	741	944	0	0
8	0	795	746	944	0	0
9	0	797	745	944	0	0
10	0	800	747	942	0	0
11	3777	803	747	944	0	0
12	3778	803	745	944	0	0
13	3776	806	745	939	0	0
14	3777	804	746	940	0	0
15	3777	802	749	937	0	0
0	3786	801	748	935	0	0
1	3776	800	749	941	0	0
2	3776	797	749	942	0	0
3	3777	799	746	943	0	0
4	3777	798	746	940	0	0
5	3777	803	745	941	0	0
6	3776	800	743	942	0	0
7	3777	802	748	944	0	0
8	3777	802	748	941	0	0
9	3776	801	746	942	0	0
10	3779	801	745	940	0	0
11	3776	803	745	938	0	0
12	3781	800	751	935	0	0
13	3776	799	746	939	0	0
14	3779	801	752	939	0	0
15	3775	806	750	938	0	0
0	3779	801	743	935	0	0
1	3777	798	745	935	0	0
2	3787	800	750	942	0	0
3	3778	804	748	945	0	0
4	3777	806	743	944	0	0
5	3776	806	743	931	0	0
6	3777	802	747	935	0	0
7	3781	799	746	931	0	0
8	3776	798	745	942	0	0
9	3775	798	746	945	0	0
10	3776	798	751	944	0	0
11	3777	786	749	946	0	0
12	3776	791	746	947	0	0
13	3782	790	744	946	0	0
14	3789	799	740	945	0	0
15	3774	804	739	941	0	0
0	3775	807	743	943	0	0
1	3774	803	738	935	0	0
2	3774	801	742	933	0	0
3	3776	797	743	939	0	0
4	3773	799	742	939	0	0
5	3776	796	747	943	0	0
6	3779	799	749	943	0	0
7	3779	797	750	944	0	0
8	3775	798	741	940	0	0
9	3776	798	745	947	0	0
10	3787	796	738	948	0	0
11	3776	794	741	944	0	0
12	3785	798	744	938	0	0
13	3778	798	743	938	0	0
14	3775	800	746	938	0	0
15	3775	801	748	940	0	0
0	3778	795	737	934	0	0
1	3777	788	748	930	0	0
2	3776	796	738	937	0	0
3	3775	801	747	944	0	0
4	3779	805	752	963	0	0
5	3779	800	747	962	0	0
6	3775	795	742	957	0	0
7	3776	793	747	943	0	0
8	3778	781	763	916	0	0
9	3777	790	752	921	0	0
10	3777	798	737	942	0	0
11	3776	804	739	944	0	0
12	3776	800	746	948	0	0
13	3777	785	752	950	0	0
14	3790	786	750	940	0	0
15	3776	790	747	923	0	0
0	3775	796	752	931	0	0
1	3778	798	753	930	0	0
2	3776	790	752	930	0	0
3	3776	789	763	914	0	0
4	3763	769	777	939	0	0
5	3776	797	752	937	0	0
6	2361	816	736	972	0	0
7	3775	798	741	954	0	0
8	3784	820	713	955	0	0
9	3775	820	720	973	0	0
10	3776	802	735	944	0	0
11	3776	802	736	939	0	0
12	2723	803	763	921	0	0
13	2938	794	778	906	0	0
14	1923	799	765	935	0	0
15	3776	797	742	951	0	0
0	1493	797	751	971	0	0
1	3015	803	754	966	0	0
2	1137	797	753	955	0	0
3	3426	793	743	944	0	0
4	1890	791	752	937	0	0
5	3775	785	763	930	0	0
6	3139	785	753	927	0	0
7	3785	785	752	934	0	0
8	3316	791	751	938	0	0
9	3776	786	737	944	0	0
10	2835	789	730	951	0	0
11	3775	790	735	957	0	0
12	3776	784	741	951	0	0
13	3775	778	771	951	0	0
14	3777	797	736	945	0	0
15	3779	785	747	947	0	0
0	3785	773	749	943	0	0
1	3776	769	752	934	0	0
2	3776	781	742	941	0	0
3	3776	773	755	947	0	0
4	3776	767	752	940	0	0
5	3788	759	775	948	0	0
6	3776	784	739	943	0	0
7	3776	799	720	923	0	0
8	3776	775	720	927	0	0
9	2205	767	729	945	0	0
10	0	770	737	965	0	0
11	0	764	741	961	0	0
12	0	758	742	948	0	0
13	0	760	745	938	0	0
14	3773	753	751	931	0	0
15	3778	753	752	922	0	0
0	3778	752	755	918	0	0
1	3775	754	752	930	0	0
2	3777	758	742	944	0	0
3	3776	761	737	960	0	0
4	3777	752	741	960	0	0
5	3777	751	730	944	0	0
6	3775	744	750	937	0	0
7	3778	747	751	931	0	0
8	3777	745	749	939	0	0
9	3778	751	748	944	0	0
10	3778	745	749	944	0	0
11	3775	745	744	944	0	0
12	3787	740	743	944	0	0
13	3776	737	738	936	0	0
14	3776	737	745	935	0	0
15	3781	739	745	935	0	0
0	3776	740	749	938	0	0
1	3775	741	751	940	0	0
2	3773	735	747	939	0	0
3	3776	738	742	932	0	0
4	3776	733	739	931	0	0
5	3791	721	720	928	0	0
6	3777	734	752	930	0	0
7	3775	741	755	940	0	0
8	3789	741	752	956	0	0
9	3776	727	745	956	0	0
10	3774	724	745	944	0	0
11	3777	736	736	937	0	0
12	3777	734	741	929	0	0
13	3777	736	746	929	0	0
14	3473	725	742	923	0	0
15	1187	725	746	926	0	0
0	0	724	747	923	0	0
1	0	732	752	938	0	0
2	0	720	743	942	0	0
3	0	724	752	950	0	0
4	0	737	755	954	0	0
5	0	731	752	944	0	0
6	0	737	747	945	0	0
7	0	742	752	929	0	0
8	0	737	736	926	0	0
9	0	741	720	930	0	0
10	0	716	702	921	0	0
11	0	720	759	937	0	0
12	0	742	784	949	0	0
13	0	738	772	960	0	0
14	0	729	755	947	0	0
15	3777	720	746	925	0	0
0	3776	724	751	913	0	0
1	3775	735	752	908	0	0
2	3776	745	750	912	0	0
3	0	749	739	925	0	0
4	0	752	748	939	0	0
5	0	752	741	967	0	0
6	0	760	735	976	0	0
7	0	755	736	982	0	0
8	0	752	731	967	0	0
9	0	751	735	937	0	0
10	0	750	743	914	0	0
11	0	751	751	912	0	0
12	0	761	754	912	0	0
13	0	726	774	941	0	0
14	0	752	752	945	0	0
15	0	752	759	953	0	0
0	0	752	751	955	0	0
1	0	751	741	945	0	0
2	0	760	743	942	0	0
3	0	757	724	939	0	0
4	0	787	720	929	0	0
5	0	794	720	937	0	0
6	0	778	743	954	0	0
7	0	737	768	970	0	0
8	0	740	773	959	0	0
9	0	744	770	944	0	0
10	0	752	756	934	0	0
11	0	768	742	934	0	0
12	0	782	723	931	0	0
13	0	794	720	943	0	0
14	3776	784	723	946	0	0
15	3777	771	733	956	0	0
0	3779	767	713	954	0	0
1	3778	777	719	976	0	0
2	3778	755	725	994	0	0
3	3776	758	740	997	0	0
4	3779	747	768	1007	0	0
5	3777	734	757	1014	0	0
6	3776	720	734	1013	0	0
7	3776	720	716	1006	0	0
8	3776	714	706	987	0	0
9	3778	694	711	959	0	0
10	3788	689	752	924	0	0
11	3774	679	774	901	0	0
12	3777	663	768	894	0	0
13	3775	667	744	890	0	0
14	3776	682	738	889	0	0
15	3776	670	738	913	0	0
0	3778	675	743	953	0	0
1	3778	681	752	972	0	0
2	3778	689	752	981	0	0
3	3787	694	745	979	0	0
4	3777	697	742	962	0	0
5	3777	693	750	943	0	0
6	3777	693	752	913	0	0
7	3777	688	752	895	0	0
8	3776	671	745	878	0	0
9	3776	656	742	879	0	0
10	3777	647	737	890	0	0
11	3774	634	737	911	0	0
12	3775	623	746	930	0	0
13	3778	621	748	935	0	0
14	3777	621	747	928	0	0
15	3776	624	741	912	0	0
0	3775	631	739	896	0	0
1	3775	641	738	883	0	0
2	3776	649	762	871	0	0
3	3776	656	763	849	0	0
4	3776	650	757	859	0	0
5	3777	647	758	862	0	0
6	3779	640	747	863	0	0
7	3775	625	733	861	0	0
8	3779	623	721	845	0	0
9	3777	602	731	847	0	0
10	3780	583	764	847	0	0
11	3776	566	781	848	0	0
12	3776	570	781	849	0	0
13	3776	587	752	836	0	0
14	3776	603	729	853	0	0
15	3776	624	724	861	0	0
0	3776	621	749	863	0	0
1	3781	619	761	864	0	0
2	3775	624	753	852	0	0
3	3779	622	751	847	0	0
4	3775	593	759	823	0	0
5	3775	565	776	811	0	0
6	3783	537	784	801	0	0
7	3776	519	781	784	0	0
8	3776	529	752	785	0	0
9	708	550	741	787	0	0
10	0	567	739	795	0	0
11	0	574	754	800	0	0
12	0	559	763	800	0	0
13	0	553	758	811	0	0
14	0	540	752	818	0	0
15	0	534	748	827	0	0
0	0	547	743	844	0	0
1	0	548	745	848	0	0
2	0	557	741	846	0	0
3	0	551	736	827	0	0
4	0	539	738	807	0	0
5	0	533	749	779	0	0
6	0	526	746	753	0	0
7	0	523	736	746	0	0
8	0	523	720	743	0	0
9	0	519	719	767	0	0
10	0	523	725	798	0	0
11	0	526	742	826	0	0
12	0	534	742	834	0	0
13	0	557	731	826	0	0
14	0	567	730	793	0	0
15	0	575	739	763	0	0
0	0	584	753	736	0	0
1	0	592	746	710	0	0
2	0	609	741	698	0	0
3	0	624	734	709	0	0
4	0	637	740	735	0	0
5	0	660	764	766	0	0
6	0	683	784	789	0	0
7	0	704	776	791	0	0
8	0	722	755	773	0	0
9	0	739	739	749	0	0
10	0	745	736	723	0	0
11	0	738	747	706	0	0
12	0	724	765	690	0	0
13	0	718	773	687	0	0
14	0	717	767	689	0	0
15	0	723	757	703	0	0
0	0	732	757	718	0	0
1	0	739	767	726	0	0
2	0	750	774	737	0	0
3	0	758	770	743	0	0
4	0	766	769	750	0	0
5	0	758	763	742	0	0
6	0	752	755	737	0	0
7	0	726	755	727	0	0
8	0	695	761	709	0	0
9	0	654	761	689	0	0
10	0	596	773	672	0	0
11	0	555	786	673	0	0
12	0	511	794	688	0	0
13	0	509	782	725	0	0
14	0	534	758	770	0	0
15	0	549	749	802	0	0
0	0	554	752	803	0	0
1	0	538	751	781	0	0
2	0	510	747	751	0	0
3	0	486	738	722	0	0
4	0	449	743	720	0	0
5	0	423	755	735	0	0
6	0	397	775	767	0	0
7	0	372	782	778	0	0
8	0	357	758	789	0	0
9	0	341	734	798	0	0
10	0	345	726	810	0	0
11	0	336	723	832	0	0
12	0	326	731	847	0	0
13	0	320	747	848	0	0
14	0	330	759	835	0	0
15	0	347	759	818	0	0
0	0	380	739	801	0	0
1	0	406	723	794	0	0
2	0	423	722	800	0	0
3	0	430	727	806	0	0
4	0	432	739	819	0	0
5	0	443	746	821	0	0
6	0	461	747	816	0	0
7	0	487	749	807	0	0
8	0	523	749	786	0	0
9	743	553	752	782	0	0
10	0	570	752	773	0	0
11	0	592	750	769	0	0
12	58	611	743	771	0	0
13	387	629	741	771	0	0
14	573	655	753	774	0	0
15	2026	663	765	773	0	0
0	1701	683	769	761	0	0
1	2275	693	766	752	0	0
2	2066	699	768	731	0	0
3	2096	709	771	726	0	0
4	1747	730	771	723	0	0
5	1583	747	761	724	0	0
6	1329	757	758	726	0	0
7	1334	763	754	720	0	0
8	1001	758	753	720	0	0
9	954	750	754	715	0	0
10	742	737	756	707	0	0
11	340	719	766	702	0	0
12	2	711	773	706	0	0
13	241	710	772	711	0	0
14	271	722	764	721	0	0
15	0	739	761	737	0	0
0	0	752	759	739	0	0
1	0	762	752	749	0	0
2	0	769	752	741	0	0
3	269	758	759	736	0	0
4	157	738	771	717	0	0
5	395	708	770	695	0	0
6	491	684	763	683	0	0
7	895	645	752	678	0	0
8	315	620	752	691	0	0
9	523	600	752	724	0	0
10	0	602	752	777	0	0
11	0	606	768	809	0	0
12	0	607	770	827	0	0
13	0	611	755	826	0	0
14	0	590	736	805	0	0
15	0	541	720	784	0	0
0	0	466	720	768	0	0
1	0	397	737	765	0	0
2	0	361	771	773	0	0
3	0	368	778	801	0	0
4	0	391	753	815	0	0
5	0	420	715	804	0	0
6	0	432	706	797	0	0
7	0	416	723	790	0	0
8	0	394	747	790	0	0
9	0	387	736	798	0	0
10	0	384	701	805	0	0
11	0	379	699	806	0	0
12	0	371	724	806	0	0
13	0	367	739	784	0	0
14	0	359	714	763	0	0
15	0	368	687	754	0	0
0	0	382	688	768	0	0
1	0	399	716	784	0	0
2	0	418	736	805	0	0
3	0	449	734	813	0	0
4	1404	485	723	802	0	0
5	1207	507	727	782	0	0
6	0	529	737	762	0	0
7	0	553	735	743	0	0
8	0	560	733	737	0	0
9	406	565	734	736	0	0
10	0	567	750	750	0	0
11	797	571	763	767	0	0
12	261	578	767	774	0	0
13	838	587	754	773	0	0
14	522	593	743	757	0	0
15	1054	590	739	726	0	0
0	336	587	746	699	0	0
1	763	592	758	694	0	0
2	496	604	763	698	0	0
3	812	624	766	720	0	0
4	784	647	774	743	0	0
5	1294	659	764	759	0	0
6	853	679	759	768	0	0
7	1040	688	761	766	0	0
8	946	694	765	754	0	0
9	961	704	767	734	0	0
10	727	704	755	711	0	0
11	985	717	752	693	0	0
12	1124	721	763	688	0	0
13	1630	731	775	686	0	0
14	1379	734	775	677	0	0
15	1600	735	753	678	0	0
0	1346	726	742	683	0	0
1	1750	706	745	688	0	0
2	1278	675	767	700	0	0
3	1822	656	784	720	0	0
4	1175	659	772	738	0	0
5	1685	673	755	749	0	0
6	1134	688	747	750	0	0
7	1530	704	752	743	0	0
8	1168	710	759	722	0	0
9	1679	713	754	707	0	0
10	784	707	753	688	0	0
11	1638	698	751	670	0	0
12	998	677	767	660	0	0
13	1623	655	784	666	0	0
14	1067	645	777	673	0	0
15	1918	635	769	693	0	0
0	503	631	763	721	0	0
1	1843	625	773	753	0	0
2	906	612	778	784	0	0
3	1727	594	755	811	0	0
4	784	558	725	835	0	0
5	1830	475	713	858	0	0
6	234	395	737	866	0	0
7	1440	347	774	841	0	0
8	187	352	762	797	0	0
9	1123	384	734	768	0	0
10	223	413	721	752	0	0
11	1115	429	748	747	0	0
12	0	448	751	765	0	0
13	1227	471	737	795	0	0
14	1072	490	748	815	0	0
15	3398	516	755	827	0	0
0	1322	533	752	826	0	0
1	1087	545	742	811	0	0
2	212	547	743	789	0	0
3	1645	544	752	779	0	0
4	83	529	755	768	0	0
5	1163	525	752	771	0	0
6	0	521	742	784	0	0
7	1258	511	738	799	0	0
8	96	522	743	814	0	0
9	1231	527	746	816	0	0
10	92	529	742	799	0	0
11	1078	539	737	782	0	0
12	0	546	746	762	0	0
13	1600	553	750	752	0	0
14	293	565	750	752	0	0
15	1712	577	751	761	0	0
0	641	593	749	775	0	0
1	1641	592	752	785	0	0
2	681	592	755	786	0	0
3	1552	593	757	788	0	0
4	611	592	759	784	0	0
5	1814	592	762	769	0	0
6	931	595	754	757	0	0
7	1841	592	755	749	0	0
8	842	595	752	742	0	0
9	1851	592	748	741	0	0
10	690	587	744	751	0	0
11	1563	576	746	764	0	0
12	959	570	752	778	0	0
13	1627	565	752	786	0	0
14	859	570	752	788	0	0
15	1770	576	752	782	0	0
0	797	578	755	769	0	0
1	1742	583	753	754	0	0
2	816	590	752	751	0	0
3	1752	587	752	752	0	0
4	1213	587	752	766	0	0
5	1919	577	749	781	0	0
6	862	570	745	802	0	0
7	1806	560	749	809	0	0
8	732	557	755	807	0	0
9	2064	560	754	803	0	0
10	735	570	752	785	0	0
11	1915	579	752	781	0	0
12	965	586	747	784	0	0
13	2426	585	743	788	0	0
14	638	576	745	811	0	0
15	2017	565	752	825	0	0
0	936	563	756	843	0	0
1	1863	571	756	849	0	0
2	798	576	755	848	0	0
3	2174	586	755	848	0	0
4	830	591	751	841	0	0
5	1747	592	749	841	0	0
6	391	576	752	843	0	0
7	1401	566	749	850	0	0
8	1525	551	743	858	0	0
9	3671	538	746	859	0	0
10	2186	531	760	841	0	0
11	1455	541	773	821	0	0
12	432	561	777	784	0	0
13	1713	592	768	764	0	0
14	415	618	767	740	0	0
15	1372	630	762	720	0	0
0	944	626	766	698	0	0
1	1712	608	770	666	0	0
2	947	580	775	635	0	0
3	1814	560	780	617	0	0
4	880	559	770	601	0	0
5	1840	553	767	595	0	0
6	870	562	764	607	0	0
7	1783	570	763	615	0	0
8	961	576	763	624	0	0
9	1831	576	763	634	0	0
10	889	571	768	634	0	0
11	1775	571	767	631	0	0
12	848	576	766	629	0	0
13	1904	579	769	635	0	0
14	971	592	774	640	0	0
15	1591	609	781	652	0	0
0	1040	621	773	656	0	0
1	1586	621	761	661	0	0
2	1083	619	756	670	0	0
3	1588	598	758	673	0	0
4	928	576	762	678	0	0
5	1507	553	758	681	0	0
6	890	528	763	678	0	0
7	1406	523	771	671	0	0
8	1009	537	768	663	0	0
9	1504	561	766	660	0	0
10	990	592	766	657	0	0
11	1459	611	754	666	0	0
12	1253	615	748	678	0	0
13	1729	599	752	705	0	0
14	1136	576	771	738	0	0
15	1126	555	784	769	0	0
0	1065	544	771	780	0	0
1	947	546	751	762	0	0
2	842	560	748	726	0	0
3	991	575	762	701	0	0
4	840	582	784	690	0	0
5	1551	578	781	703	0	0
6	947	563	760	733	0	0
7	755	553	752	789	0	0
8	1040	531	759	856	0	0
9	771	528	782	911	0	0
10	292	537	783	929	0	0
11	535	554	766	927	0	0
12	55	570	737	909	0	0
13	789	567	737	877	0	0
14	368	557	752	852	0	0
15	1440	537	773	846	0	0
0	192	536	773	845	0	0
1	929	551	757	849	0	0
2	989	560	741	848	0	0
3	3028	563	740	843	0	0
4	2299	562	739	831	0	0
5	1769	560	742	825	0	0
6	522	558	752	820	0	0
7	1841	550	752	822	0	0
8	432	557	752	820	0	0
9	1591	569	750	819	0	0
10	343	579	752	816	0	0
11	1567	590	751	798	0	0
12	299	593	750	774	0	0
13	2047	592	750	746	0	0
14	242	592	752	720	0	0
15	1833	589	757	709	0	0
0	651	582	771	694	0	0
1	1908	578	777	693	0	0
2	944	578	770	690	0	0
3	1958	576	768	688	0	0
4	1265	578	773	689	0	0
5	1789	578	768	690	0	0
6	1288	582	759	685	0	0
7	2134	586	761	672	0	0
8	1406	575	770	656	0	0
9	2414	566	773	635	0	0
10	1326	559	768	615	0	0
11	2416	557	767	595	0	0
12	1590	558	766	586	0	0
13	2381	567	768	591	0	0
14	1689	589	767	598	0	0
15	2450	605	759	607	0	0
0	1808	622	753	609	0	0
1	2557	615	762	605	0	0
2	1915	601	774	592	0	0
3	2847	591	779	581	0	0
4	2042	590	772	578	0	0
5	2627	592	770	579	0	0
6	1897	597	765	588	0	0
7	2685	606	769	593	0	0
8	1807	617	770	609	0	0
9	2288	618	757	623	0	0
10	1919	615	749	624	0	0
11	2040	598	756	628	0	0
12	1856	589	769	639	0	0
13	2283	587	769	647	0	0
14	1814	593	757	656	0	0
15	1875	599	752	659	0	0
0	1875	603	753	658	0	0
1	2073	593	753	650	0	0
2	2129	586	752	639	0	0
3	2422	570	749	629	0	0
4	2085	562	754	633	0	0
5	2447	567	756	643	0	0
6	1937	581	752	660	0	0
7	2428	598	752	678	0	0
8	1590	621	765	694	0	0
9	2110	626	778	705	0	0
10	1477	628	768	713	0	0
11	865	624	750	710	0	0
12	2126	593	746	703	0	0
13	3353	554	751	699	0	0
14	2414	518	752	694	0	0
15	1474	496	750	695	0	0
0	321	499	742	707	0	0
1	590	536	743	716	0	0
2	0	560	747	720	0	0
3	0	572	752	730	0	0
4	0	563	750	736	0	0
5	0	548	745	752	0	0
6	0	524	754	767	0	0
7	0	503	773	784	0	0
8	0	519	773	798	0	0
9	0	555	768	809	0	0
10	0	593	768	816	0	0
11	0	624	769	826	0	0
12	0	634	769	843	0	0
13	0	625	767	864	0	0
14	0	601	759	893	0	0
15	721	573	754	925	0	0
0	0	539	752	944	0	0
1	1447	522	753	945	0	0
2	0	506	758	923	0	0
3	1265	518	753	880	0	0
4	13	524	749	828	0	0
5	1218	529	739	785	0	0
6	113	531	738	763	0	0
7	1321	539	739	768	0	0
8	331	534	743	789	0	0
9	1531	541	749	817	0	0
10	576	545	752	835	0	0
11	1905	559	752	841	0	0
12	149	567	754	830	0	0
13	1712	582	757	810	0	0
14	0	596	753	785	0	0
15	1622	610	745	767	0	0
0	431	609	750	745	0	0
1	1789	598	769	724	0	0
2	624	588	791	713	0	0
3	1919	587	788	703	0	0
4	798	592	768	694	0	0
5	2320	597	757	688	0	0
6	1283	587	768	686	0	0
7	2254	569	779	679	0	0
8	1238	556	783	671	0	0
9	2349	550	778	669	0	0
10	1348	548	767	668	0	0
11	2070	550	765	683	0	0
12	1462	555	764	661	0	0
13	2613	567	757	657	0	0
14	977	576	761	656	0	0
15	2169	589	769	655	0	0
0	1415	588	777	635	0	0
1	2167	598	769	614	0	0
2	1136	603	763	592	0	0
3	1870	610	762	563	0	0
4	757	610	765	545	0	0
5	1723	614	777	532	0	0
6	2261	625	770	528	0	0
7	3781	638	762	529	0	0
8	2081	649	769	542	0	0
9	1573	659	773	558	0	0
10	1238	671	773	565	0	0
11	1701	675	767	562	0	0
12	857	679	758	545	0	0
13	1602	669	762	526	0	0
14	681	654	777	508	0	0
15	1516	638	784	503	0	0
0	851	628	781	526	0	0
1	1599	631	768	554	0	0
2	1117	627	758	592	0	0
3	1983	624	754	640	0	0
4	1312	614	752	673	0	0
5	1812	607	748	693	0	0
6	1185	591	749	690	0	0
7	1519	573	759	686	0	0
8	1274	561	773	670	0	0
9	1709	574	769	657	0	0
10	1344	592	752	650	0	0
11	1724	606	735	647	0	0
12	1347	609	736	655	0	0
13	1319	592	756	674	0	0
14	1104	575	774	705	0	0
15	1293	573	763	736	0	0
0	864	574	749	759	0	0
1	1142	580	742	775	0	0
2	1079	580	752	775	0	0
3	1333	577	752	769	0	0
4	863	571	745	759	0	0
5	1399	559	746	763	0	0
6	752	548	757	770	0	0
7	1047	543	768	784	0	0
8	501	549	755	796	0	0
9	951	558	750	790	0	0
10	603	560	743	781	0	0
11	1275	560	747	755	0	0
12	752	558	755	737	0	0
13	1584	558	759	729	0	0
14	686	559	761	734	0	0
15	1353	566	755	747	0	0
0	572	570	765	757	0	0
1	1403	571	764	768	0	0
2	401	566	759	770	0	0
3	1578	566	752	764	0	0
4	973	560	753	746	0	0
5	1520	557	755	721	0	0
6	734	554	762	708	0	0
7	1611	555	758	688	0	0
8	824	559	762	688	0	0
9	1826	561	761	693	0	0
10	816	563	760	704	0	0
11	1629	573	753	714	0	0
12	478	576	753	723	0	0
13	1479	576	752	729	0	0
14	2531	574	757	723	0	0
15	3714	571	752	719	0	0
0	1411	576	752	715	0	0
1	1865	576	752	699	0	0
2	839	577	754	691	0	0
3	1874	575	757	689	0	0
4	958	574	753	691	0	0
5	1734	573	752	699	0	0
6	976	563	752	709	0	0
7	1779	561	757	721	0	0
8	1055	563	754	725	0	0
9	1738	572	752	731	0	0
10	1040	577	755	725	0	0
11	2036	581	756	721	0	0
12	1067	579	753	718	0	0
13	2009	577	755	709	0	0
14	1104	576	756	710	0	0
15	1856	571	757	705	0	0
0	1187	572	754	708	0	0
1	1903	574	752	709	0	0
2	1226	573	762	719	0	0
3	2160	570	761	719	0	0
4	1210	576	763	718	0	0
5	2169	575	759	719	0	0
6	1458	573	756	720	0	0
7	2177	569	756	721	0	0
8	1367	565	758	720	0	0
9	2191	565	754	720	0	0
10	1435	565	757	720	0	0
11	2409	563	755	717	0	0
12	1279	565	757	718	0	0
13	2248	566	753	711	0	0
14	1581	566	762	710	0	0
15	2047	563	761	711	0	0
0	1328	566	763	715	0	0
1	2304	565	755	720	0	0
2	1431	565	753	724	0	0
3	2154	563	759	736	0	0
4	1280	560	766	742	0	0
5	2093	560	759	746	0	0
6	1331	559	754	745	0	0
7	1947	560	766	737	0	0
8	1463	557	768	731	0	0
9	1968	550	755	720	0	0
10	1580	546	747	713	0	0
11	1856	545	738	713	0	0
12	1366	539	737	718	0	0
13	1721	541	737	725	0	0
14	1425	543	737	739	0	0
15	1861	548	734	745	0	0
0	1547	558	727	745	0	0
1	1772	563	727	745	0	0
2	1518	580	717	734	0	0
3	1685	590	713	726	0	0
4	1933	597	704	713	0	0
5	1687	599	714	705	0	0
6	1718	598	715	695	0	0
7	2751	611	689	699	0	0
8	3520	617	674	704	0	0
9	3138	624	655	714	0	0
10	1359	623	640	720	0	0
11	1431	613	620	721	0	0
12	1433	605	611	720	0	0
13	1657	588	619	715	0	0
14	1378	572	633	716	0	0
15	1407	569	641	717	0	0
0	1604	576	637	720	0	0
1	1622	601	629	720	0	0
2	1457	638	617	722	0	0
3	1811	669	606	720	0	0
4	2006	695	590	717	0	0
5	1916	714	580	709	0	0
6	2395	708	586	706	0	0
7	2541	696	607	707	0	0
8	2474	688	621	707	0	0
9	2850	687	621	710	0	0
10	3776	693	610	715	0	0
11	3070	711	586	711	0	0
12	3052	722	590	706	0	0
13	1715	742	554	709	0	0
14	2607	750	547	716	0	0
15	2155	745	562	722	0	0
0	2718	738	569	729	0	0
1	2119	740	569	738	0	0
2	2576	750	555	746	0	0
3	1917	752	549	742	0	0
4	2461	756	554	736	0	0
5	1685	765	560	730	0	0
6	2433	774	545	718	0	0
7	1877	791	529	709	0	0
8	2450	790	542	706	0	0
9	1584	786	558	706	0	0
10	2352	795	567	710	0	0
11	1544	798	569	715	0	0
12	2111	807	561	720	0	0
13	1623	818	560	720	0	0
14	2212	827	554	721	0	0
15	1568	832	550	720	0	0
0	2029	834	543	719	0	0
1	1169	835	529	717	0	0
2	2053	827	527	710	0	0
3	800	819	525	715	0	0
4	1995	814	527	719	0	0
5	844	798	534	721	0	0
6	2108	786	543	721	0	0
7	1166	782	551	720	0	0
8	1683	781	551	718	0	0
9	1150	786	555	715	0	0
10	1589	790	550	710	0	0
11	1117	791	554	709	0	0
12	1283	793	559	715	0	0
13	947	791	565	715	0	0
14	1294	790	561	721	0	0
15	941	793	569	722	0	0
0	870	784	576	728	0	0
1	329	777	576	731	0	0
2	1664	766	571	729	0	0
3	2594	752	569	718	0	0
4	3408	726	585	710	0	0
5	1407	704	592	702	0	0
6	1041	688	601	699	0	0
7	1040	674	598	701	0	0
8	801	667	590	707	0	0
9	553	670	592	720	0	0
10	347	666	585	732	0	0
11	448	656	606	743	0	0
12	0	652	598	746	0	0
13	117	656	604	749	0	0
14	0	650	609	747	0	0
15	144	627	640	752	0	0
0	0	615	657	757	0	0
1	146	608	649	762	0	0
2	0	604	636	767	0	0
3	157	592	638	770	0	0
4	0	592	654	770	0	0
5	0	586	672	774	0	0
6	0	582	688	778	0	0
7	69	573	699	782	0	0
8	0	563	706	791	0	0
9	0	553	720	793	0	0
10	0	543	741	795	0	0
11	0	544	743	785	0	0
12	0	543	746	781	0	0
13	0	561	759	790	0	0
14	0	597	752	787	0	0
15	0	623	779	799	0	0
0	0	629	829	815	0	0
1	0	613	880	819	0	0
2	0	599	879	820	0	0
3	0	591	859	832	0	0
4	0	559	855	848	0	0
5	0	551	848	877	0	0
6	0	571	851	893	0	0
7	1056	593	862	885	0	0
8	882	613	892	869	0	0
9	2819	611	926	852	0	0
10	946	615	939	830	0	0
11	2494	615	935	801	0	0
12	1440	598	944	781	0	0
13	3747	594	944	775	0	0
14	1805	607	926	784	0	0
15	3430	627	912	804	0	0
0	1375	641	914	821	0	0
1	3191	659	915	832	0	0
2	971	690	899	832	0	0
3	2791	718	900	826	0	0
4	439	730	915	813	0	0
5	2273	740	935	795	0	0
6	205	767	929	781	0	0
7	1694	781	920	771	0	0
8	0	784	917	768	0	0
9	587	786	911	767	0	0
10	0	789	913	774	0	0
11	0	784	945	782	0	0
12	0	771	982	782	0	0
13	0	758	992	774	0	0
14	0	752	975	761	0	0
15	0	735	954	752	0	0
0	0	731	934	747	0	0
1	0	750	912	750	0	0
2	0	765	912	753	0	0
3	0	784	942	763	0	0
4	0	800	975	769	0	0
5	74	816	1003	766	0	0
6	1326	823	1007	751	0	0
7	3768	821	994	732	0	0
8	1547	816	986	714	0	0
9	3783	810	976	702	0	0
10	1783	806	960	695	0	0
11	2989	798	961	706	0	0
12	0	786	972	730	0	0
13	1533	786	976	754	0	0
14	0	786	976	779	0	0
15	752	784	979	792	0	0
0	0	783	987	787	0	0
1	2660	784	1006	780	0	0
2	241	783	1012	767	0	0
3	3054	786	1002	750	0	0
4	1666	795	989	739	0	0
5	3401	789	989	725	0	0
6	3103	784	991	714	0	0
7	3375	778	992	705	0	0
8	1529	776	982	702	0	0
9	3153	758	976	694	0	0
10	666	752	970	704	0	0
11	3098	747	955	717	0	0
12	1282	739	941	747	0	0
13	3559	729	947	775	0	0
14	1407	719	960	799	0	0
15	3610	719	963	815	0	0
0	1569	705	954	823	0	0
1	3203	704	940	814	0	0
2	817	681	929	815	0	0
3	2479	673	926	807	0	0
4	179	651	929	793	0	0
5	1907	626	927	783	0	0
6	0	624	912	768	0	0
7	1723	625	885	755	0	0
8	0	613	867	751	0	0
9	0	611	855	752	0	0
10	0	605	848	762	0	0
11	0	591	848	784	0	0
12	0	579	839	804	0	0
13	0	577	816	817	0	0
14	0	578	803	826	0	0
15	0	577	797	829	0	0
0	0	576	786	822	0	0
1	0	583	791	823	0	0
2	0	597	789	816	0	0
3	0	599	773	803	0	0
4	0	602	761	784	0	0
5	2983	597	752	770	0	0
6	926	605	736	763	0	0
7	3776	611	719	757	0	0
8	2066	624	683	763	0	0
9	3776	631	659	768	0	0
10	1126	640	653	780	0	0
11	3777	642	654	787	0	0
12	1670	632	649	800	0	0
13	3776	624	637	807	0	0
14	3777	619	622	809	0	0
15	3776	607	613	800	0	0
0	3786	605	614	783	0	0
1	3776	607	612	753	0	0
2	3789	624	609	727	0	0
3	3776	634	604	706	0	0
4	3776	655	592	698	0	0
5	3777	673	585	701	0	0
6	1211	688	592	720	0	0
7	3564	702	598	741	0	0
8	0	719	595	773	0	0
9	936	737	575	793	0	0
10	0	751	560	803	0	0
11	160	757	563	813	0	0
12	0	753	576	806	0	0
13	819	753	595	790	0	0
14	0	759	597	760	0	0
15	0	771	577	730	0	0
0	0	783	557	702	0	0
1	0	786	526	688	0	0
2	0	797	489	674	0	0
3	0	794	479	662	0	0
4	0	771	515	655	0	0
5	0	752	547	655	0	0
6	0	752	549	658	0	0
7	0	768	529	674	0	0
8	0	785	496	692	0	0
9	0	800	483	710	0	0
10	0	805	489	724	0	0
11	3782	801	501	750	0	0
12	1339	798	511	765	0	0
13	3781	791	509	775	0	0
14	1862	790	503	783	0	0
15	3787	781	510	783	0	0
0	985	768	523	783	0	0
1	3786	755	529	777	0	0
2	0	736	546	763	0	0
3	0	697	595	739	0	0
4	0	733	535	739	0	0
5	0	720	554	707	0	0
6	0	730	564	688	0	0
7	0	704	592	678	0	0
8	0	704	601	687	0	0
9	0	707	614	690	0	0
10	0	715	610	703	0	0
11	0	718	606	720	0	0
12	0	721	608	734	0	0
13	0	720	606	742	0	0
14	0	722	599	751	0	0
15	0	721	596	752	0	0
0	0	697	603	755	0	0
1	0	683	609	752	0	0
2	0	656	626	752	0	0
3	0	624	653	754	0	0
4	0	597	673	759	0	0
5	0	592	670	768	0	0
6	0	593	663	775	0	0
7	0	607	645	783	0	0
8	0	609	625	781	0	0
9	3776	602	624	779	0	0
10	2967	585	647	771	0	0
11	3776	555	691	766	0	0
12	1594	533	720	770	0	0
13	3551	529	726	769	0	0
14	0	551	704	773	0	0
15	0	580	681	782	0	0
0	0	597	667	786	0	0
1	1523	613	686	785	0	0
2	0	621	720	789	0	0
3	3776	621	751	784	0	0
4	0	633	756	787	0	0
5	3783	636	752	799	0	0
6	3634	637	739	801	0	0
7	3778	625	736	809	0	0
8	3777	610	747	809	0	0
9	3776	592	773	814	0	0
10	3778	578	783	811	0	0
11	3776	563	784	810	0	0
12	3776	550	777	803	0	0
13	3788	528	757	793	0	0
14	3779	508	748	793	0	0
15	3776	496	746	784	0	0
0	3776	498	747	784	0	0
1	3787	499	750	784	0	0
2	3777	511	753	783	0	0
3	3777	529	757	784	0	0
4	3776	541	759	787	0	0
5	3782	558	758	789	0	0
6	3777	571	752	785	0	0
7	3789	571	755	784	0	0
8	3777	574	758	787	0	0
9	3786	574	767	784	0	0
10	3777	566	765	777	0	0
11	3789	562	765	769	0	0
12	3776	569	761	767	0	0
13	3783	581	765	769	0	0
14	3779	601	769	771	0	0
15	3776	617	772	774	0	0
0	3787	629	771	774	0	0
1	3781	645	770	770	0	0
2	3778	651	771	767	0	0
3	3787	656	771	763	0	0
4	0	659	772	758	0	0
5	3777	661	773	752	0	0
6	0	659	767	750	0	0
7	3776	662	765	752	0	0
8	0	671	765	749	0	0
9	3775	669	767	751	0	0
10	0	671	767	751	0	0
11	3776	673	765	754	0	0
12	0	666	758	763	0	0
13	3775	656	761	779	0	0
14	0	640	753	793	0	0
15	3777	623	750	797	0	0
0	0	607	748	804	0	0
1	3773	592	738	802	0	0
2	0	603	742	791	0	0
3	0	603	752	794	0	0
4	0	615	766	795	0	0
5	0	629	775	801	0	0
6	0	643	790	805	0	0
7	0	656	784	814	0	0
8	0	662	778	816	0	0
9	0	672	760	819	0	0
10	0	681	752	826	0	0
11	0	675	755	834	0	0
12	0	660	770	833	0	0
13	3774	637	787	833	0	0
14	0	603	803	818	0	0
15	3774	565	806	807	0	0
0	0	536	792	801	0	0
1	3777	473	787	786	0	0
2	0	481	775	786	0	0
3	3776	463	762	779	0	0
4	0	474	746	784	0	0
5	3776	509	724	786	0	0
6	0	530	736	804	0	0
7	3775	511	729	826	0	0
8	0	529	739	880	0	0
9	2918	531	778	874	0	0
10	0	521	807	878	0	0
11	1554	564	843	873	0	0
12	0	614	833	855	0	0
13	3771	559	796	796	0	0
14	0	545	775	798	0	0
15	0	506	807	718	0	0
0	0	546	794	719	0	0
1	0	528	811	790	0	0
2	0	570	805	827	0	0
3	0	557	820	756	0	0
4	0	0	1486	1021	0	0
5	0	690	622	686	0	0
6	0	526	688	633	0	0
7	0	601	610	782	0	0
8	0	541	599	777	0	0
9	0	460	346	898	0	0
10	0	642	623	704	0	0
11	0	587	656	663	0	0
12	0	559	720	721	0	0
13	0	553	764	763	0	0
14	0	580	744	773	0	0
15	0	551	773	763	0	0
0	0	566	779	755	0	0
1	0	590	796	731	0	0
2	0	592	803	733	0	0
3	0	602	800	742	0	0
4	0	595	803	753	0	0
5	0	498	656	689	0	0
6	0	550	752	770	0	0
7	0	638	765	759	0	0
8	0	535	730	758	0	0
9	0	563	755	758	0	0
10	0	592	755	758	0	0
11	0	555	753	752	0	0
12	0	577	754	754	0	0
13	0	577	766	752	0	0
14	0	560	752	752	0	0
15	0	576	755	753	0	0
0	0	578	755	753	0	0
1	0	574	752	754	0	0
2	0	577	754	751	0	0
3	0	570	763	752	0	0
4	0	568	768	753	0	0
5	0	574	759	752	0	0
6	0	575	764	754	0	0
7	0	566	759	753	0	0
8	0	576	761	752	0	0
9	0	571	762	752	0	0
10	0	573	765	752	0	0
11	0	574	761	754	0	0
12	0	567	763	755	0	0
13	0	570	763	752	0	0
14	0	571	763	752	0	0
15	0	574	761	752	0	0
0	0	572	762	755	0	0
1	0	572	759	752	0	0
2	0	570	763	753	0	0
3	0	573	762	752	0	0
4	0	569	764	756	0	0
5	0	569	761	753	0	0
6	0	571	759	752	0	0
7	0	573	762	752	0	0
8	0	572	763	752	0	0
9	0	575	761	752	0	0
10	0	571	761	752	0	0
11	0	570	768	752	0	0
12	0	573	759	758	0	0
13	0	571	762	752	0	0
14	0	568	765	753	0	0
15	0	570	761	752	0	0
0	0	567	761	752	0	0
1	0	576	762	752	0	0
2	0	571	763	752	0	0
3	0	569	762	753	0	0
4	0	571	763	752	0	0
5	0	571	761	752	0	0
6	0	571	764	753	0	0
7	0	575	763	752	0	0
8	0	570	764	754	0	0
9	0	569	766	752	0	0
10	0	569	762	753	0	0
11	0	571	765	752	0	0
12	0	576	763	755	0	0
13	0	573	764	752	0	0
14	0	569	762	753	0	0
15	0	570	764	753	0	0
0	0	570	763	752	0	0
1	0	570	765	751	0	0
2	0	574	763	753	0	0
3	0	568	761	752	0	0
4	0	576	759	752	0	0
5	0	576	759	754	0	0
6	0	571	762	753	0	0
7	0	570	759	753	0	0
8	0	567	763	753	0	0
9	0	566	762	752	0	0
10	0	573	759	752	0	0
11	0	574	761	749	0	0
12	0	571	763	752	0	0
13	0	570	761	752	0	0
14	0	571	761	752	0	0
15	0	573	759	752	0	0
0	0	574	763	752	0	0
1	0	575	762	752	0	0
2	0	571	763	752	0	0
3	0	569	762	752	0	0
4	0	570	763	752	0	0
5	0	575	758	752	0	0
6	0	572	762	752	0	0
7	0	570	761	752	0	0
8	0	570	761	753	0	0
9	0	573	760	752	0	0
10	0	574	763	752	0	0
11	0	572	765	754	0	0
12	0	568	762	753	0	0
13	0	570	761	752	0	0
14	0	576	763	752	0	0
15	0	573	762	754	0	0
0	0	571	759	752	0	0
1	0	572	761	752	0	0
2	0	574	761	752	0	0
3	0	573	765	755	0	0
4	0	573	764	753	0	0
5	0	574	761	753	0	0
6	0	570	766	752	0	0
7	0	574	763	751	0	0
8	0	570	762	752	0	0
9	0	575	763	752	0	0
10	0	583	761	752	0	0
11	0	561	759	752	0	0
12	0	570	768	754	0	0
13	0	571	762	752	0	0
14	0	574	763	752	0	0
15	0	574	765	752	0	0
0	0	561	762	751	0	0
1	0	574	763	752	0	0
2	0	570	761	751	0	0
3	0	574	760	752	0	0
4	0	576	762	752	0	0
5	0	573	757	755	0	0
6	0	568	765	753	0	0
7	0	565	764	752	0	0
8	0	573	763	752	0	0
9	0	573	763	752	0	0
10	0	571	761	752	0	0
11	0	569	762	752	0	0
12	0	567	765	752	0	0
13	0	570	759	752	0	0
14	0	574	763	752	0	0
15	0	571	765	751	0	0
0	0	570	758	752	0	0
1	0	566	762	752	0	0
2	0	572	763	752	0	0
3	0	572	762	752	0	0
4	0	571	759	752	0	0
5	0	569	761	755	0	0
6	0	572	759	753	0	0
7	0	571	759	752	0	0
8	0	574	759	752	0	0
9	0	570	762	752	0	0
10	0	570	761	753	0	0
11	0	567	765	752	0	0
12	0	573	762	752	0	0
13	0	569	760	752	0	0
14	0	576	759	752	0	0
15	0	570	759	753	0	0
0	0	571	762	753	0	0
1	0	570	759	752	0	0
2	0	570	762	752	0	0
3	0	574	761	752	0	0
4	0	572	763	752	0	0
5	0	574	763	753	0	0
6	0	571	763	752	0	0
7	0	572	763	752	0	0
8	0	576	762	754	0	0
9	0	570	762	752	0	0
10	0	571	763	752	0	0
11	0	571	760	752	0	0
12	0	569	759	752	0	0
13	0	571	760	754	0	0
14	0	571	763	753	0	0
15	0	572	763	752	0	0
0	0	571	762	752	0	0
1	0	571	758	752	0	0
2	0	576	766	752	0	0
3	0	572	759	753	0	0
4	0	571	761	752	0	0
5	0	572	765	752	0	0
6	0	573	762	754	0	0
7	0	572	761	753	0	0
8	0	570	762	752	0	0
9	0	572	760	752	0	0
10	0	574	761	752	0	0
11	0	571	759	752	0	0
12	0	572	762	753	0	0
13	0	573	765	753	0	0
14	0	571	763	753	0	0
15	0	572	761	753	0	0
0	0	573	761	753	0	0
1	0	575	765	754	0	0
2	0	569	762	752	0	0
3	0	573	760	751	0	0
4	0	570	760	752	0	0
5	0	571	761	751	0	0
6	0	571	762	752	0	0
7	0	574	761	752	0	0
8	0	575	762	752	0	0
9	0	572	761	752	0	0
10	0	571	762	752	0	0
11	0	575	759	752	0	0
12	0	571	762	752	0	0
13	0	576	762	752	0	0
14	0	569	763	754	0	0
15	0	571	762	754	0	0
0	0	571	763	752	0	0
1	0	571	765	752	0	0
2	0	571	759	752	0	0
3	0	569	759	752	0	0
4	0	572	761	752	0	0
5	0	572	764	752	0	0
6	0	569	763	754	0	0
7	0	570	763	752	0	0
8	0	571	763	752	0	0
9	0	572	761	752	0	0
10	0	571	766	752	0	0
11	0	573	759	752	0	0
12	0	575	759	752	0	0
13	0	572	762	751	0	0
14	0	571	766	752	0	0
15	0	575	760	752	0	0
0	0	570	762	752	0	0
1	0	567	762	752	0	0
2	0	572	763	752	0	0
3	0	575	759	752	0	0
4	0	570	765	752	0	0
5	0	575	761	752	0	0
6	0	573	762	753	0	0
7	0	571	762	752	0	0
8	0	570	762	755	0	0
9	0	570	761	753	0	0
10	0	571	763	752	0	0
11	0	574	766	751	0	0
12	0	567	763	751	0	0
13	0	575	765	752	0	0
14	0	572	762	752	0	0
15	0	571	762	752	0	0
0	0	570	764	753	0	0
1	0	573	760	753	0	0
2	0	573	761	751	0	0
3	0	571	761	752	0	0
4	0	570	761	752	0	0
5	0	571	762	752	0	0
6	0	573	763	752	0	0
7	0	570	763	752	0	0
8	0	571	766	754	0	0
9	0	571	763	752	0	0
10	0	571	763	752	0	0
11	0	571	763	752	0	0
12	0	569	762	758	0	0
13	0	573	763	752	0	0
14	0	573	765	756	0	0
15	0	573	761	752	0	0
0	0	570	761	752	0	0
1	0	573	759	751	0	0
2	0	570	762	752	0	0
3	0	571	761	752	0	0
4	0	573	763	752	0	0
5	0	574	761	752	0	0
6	0	571	763	752	0	0
7	0	569	762	752	0	0
8	0	574	763	752	0	0
9	0	571	763	752	0	0
10	0	573	765	752	0	0
11	0	571	763	752	0	0
