#scientisst_nseq	scientisst_raw_AI6
0	1506
1	1510
2	1507
3	1505
4	1508
5	1504
6	1510
7	1508
8	1505
9	1506
10	1504
11	1503
12	1506
13	1505
14	1507
15	1507
0	1506
1	1518
2	1519
3	1518
4	1517
5	1520
6	1522
7	1529
8	1527
9	1531
10	1530
11	1533
12	1529
13	1527
14	1530
15	1527
0	1525
1	1526
2	1520
3	1520
4	1518
5	1518
6	1520
7	1514
8	1517
9	1515
10	1517
11	1519
12	1513
13	1509
14	1514
15	1513
0	1510
1	1514
2	1517
3	1516
4	1520
5	1526
6	1525
7	1526
8	1527
9	1525
10	1524
11	1529
12	1532
13	1526
14	1524
15	1524
0	1523
1	1523
2	1523
3	1529
4	1521
5	1526
6	1519
7	1525
8	1520
9	1520
10	1520
11	1523
12	1520
13	1521
14	1520
15	1521
0	1520
1	1521
2	1520
3	1520
4	1520
5	1520
6	1520
7	1520
8	1523
9	1516
10	1520
11	1516
12	1518
13	1518
14	1517
15	1520
0	1522
1	1521
2	1520
3	1520
4	1521
5	1522
6	1520
7	1519
8	1519
9	1521
10	1518
11	1517
12	1519
13	1518
14	1518
15	1518
0	1520
1	1520
2	1515
3	1515
4	1523
5	1513
6	1515
7	1515
8	1513
9	1516
10	1520
11	1520
12	1519
13	1515
14	1520
15	1519
0	1520
1	1514
2	1516
3	1516
4	1520
5	1519
6	1520
7	1520
8	1514
9	1520
10	1519
11	1520
12	1518
13	1517
14	1517
15	1509
0	1515
1	1519
2	1511
3	1511
4	1510
5	1517
6	1509
7	1509
8	1509
9	1514
10	1513
11	1511
12	1511
13	1513
14	1517
15	1515
0	1510
1	1511
2	1513
3	1513
4	1514
5	1519
6	1513
7	1511
8	1515
9	1512
10	1514
11	1518
12	1517
13	1516
14	1514
15	1515
0	1514
1	1518
2	1514
3	1517
4	1519
5	1516
6	1516
7	1516
8	1515
9	1515
10	1517
11	1514
12	1513
13	1511
14	1511
15	1516
0	1511
1	1510
2	1511
3	1509
4	1511
5	1517
6	1511
7	1506
8	1508
9	1512
10	1506
11	1510
12	1507
13	1510
14	1513
15	1507
0	1508
1	1510
2	1509
3	1510
4	1517
5	1511
6	1510
7	1510
8	1509
9	1509
10	1510
11	1509
12	1509
13	1507
14	1506
15	1513
0	1509
1	1508
2	1509
3	1511
4	1509
5	1507
6	1507
7	1509
8	1507
9	1510
10	1510
11	1513
12	1519
13	1519
14	1515
15	1510
0	1511
1	1510
2	1511
3	1510
4	1510
5	1509
6	1518
7	1513
8	1513
9	1511
10	1516
11	1510
12	1511
13	1511
14	1511
15	1510
0	1510
1	1513
2	1510
3	1510
4	1514
5	1511
6	1510
7	1515
8	1511
9	1509
10	1514
11	1514
12	1513
13	1511
14	1513
15	1505
0	1514
1	1509
2	1509
3	1514
4	1508
5	1508
6	1514
7	1509
8	1514
9	1518
10	1519
11	1515
12	1519
13	1520
14	1515
15	1514
0	1513
1	1513
2	1513
3	1511
4	1513
5	1519
6	1511
7	1514
8	1505
9	1506
10	1508
11	1505
12	1509
13	1507
14	1507
15	1502
0	1508
1	1507
2	1505
3	1506
4	1503
5	1502
6	1502
7	1504
8	1503
9	1506
10	1510
11	1507
12	1513
13	1511
14	1510
15	1513
0	1518
1	1510
2	1511
3	1510
4	1510
5	1509
6	1511
7	1515
8	1508
9	1507
10	1514
11	1517
12	1515
13	1509
14	1510
15	1511
0	1515
1	1511
2	1511
3	1509
4	1510
5	1510
6	1509
7	1515
8	1510
9	1511
10	1514
11	1519
12	1510
13	1508
14	1510
15	1511
0	1509
1	1510
2	1516
3	1514
4	1516
5	1514
6	1514
7	1517
8	1515
9	1519
10	1520
11	1524
12	1522
13	1527
14	1533
15	1530
0	1525
1	1522
2	1530
3	1520
4	1520
5	1518
6	1517
7	1511
8	1508
9	1497
10	1498
11	1499
12	1504
13	1506
14	1505
15	1506
0	1513
1	1520
2	1524
3	1521
4	1520
5	1520
6	1521
7	1520
8	1520
9	1525
10	1521
11	1522
12	1525
13	1525
14	1529
15	1530
0	1525
1	1532
2	1527
3	1525
4	1523
5	1522
6	1521
7	1522
8	1521
9	1526
10	1527
11	1522
12	1528
13	1523
14	1523
15	1522
0	1522
1	1523
