#scientisst_nseq	scientisst_raw_AI1	scientisst_raw_AI2	scientisst_raw_AI3	scientisst_raw_AI4	scientisst_raw_AI5	scientisst_raw_AI6
0	1885	0	938	745	769	1677
1	1885	0	938	743	768	1664
2	1887	0	939	743	765	1674
3	1889	0	941	744	768	1639
4	1891	0	943	743	766	1661
5	1887	0	943	741	766	1680
6	1886	0	944	743	767	1716
7	1887	0	943	741	768	1698
8	1886	0	943	743	770	1696
9	1885	0	941	743	766	1690
10	1888	0	943	746	763	1698
11	1887	0	944	745	766	1696
12	1887	0	943	742	768	1714
13	1887	0	944	743	768	1570
14	1888	0	944	746	764	1169
15	1888	0	941	742	768	2117
0	1887	0	944	742	768	3773
1	1887	0	941	743	768	3775
2	1885	0	941	744	770	3203
3	1887	0	941	746	768	949
4	1892	0	944	747	768	1825
5	1887	0	940	742	769	1520
6	1889	0	940	744	767	1525
7	1893	0	942	745	767	1550
8	1891	0	941	751	762	1567
9	1887	0	946	745	766	1577
10	1886	0	944	743	769	1590
11	1888	0	941	741	773	1589
12	1886	0	939	738	768	1616
13	1890	0	939	738	766	1618
14	1890	0	941	741	770	1645
15	1888	0	943	743	768	1648
0	1886	0	944	741	767	1676
1	1888	0	943	742	763	1689
2	1888	0	944	742	768	1743
3	1886	0	942	741	767	1758
4	1887	0	940	747	770	1779
5	1889	0	943	747	767	1802
6	1887	0	938	743	767	1839
7	1887	0	938	746	767	1829
8	1895	0	943	744	766	1821
9	1888	0	942	746	769	1790
10	1889	0	945	742	764	1788
11	1891	0	944	743	768	1743
12	1886	0	941	745	768	1727
13	1887	0	942	741	766	1706
14	1889	0	945	745	767	1685
15	1887	0	944	742	766	1662
0	1886	0	941	743	765	1681
1	1893	0	944	741	768	1666
2	1885	0	938	742	768	1681
3	1886	0	938	745	768	1676
4	1886	0	941	744	770	1691
5	1885	0	941	746	768	1682
6	1892	0	940	743	767	1699
7	1889	0	941	741	767	1690
8	1888	0	942	746	768	1693
9	1886	0	941	741	763	1680
10	1887	0	944	743	768	1679
11	1886	0	944	741	767	1669
12	1886	0	942	742	762	1678
13	1885	0	943	745	765	1662
14	1890	0	941	746	764	1675
15	1885	0	942	739	769	1662
0	1887	0	943	742	767	1677
1	1885	0	941	745	769	1638
2	1887	0	940	747	770	1648
3	1885	0	937	749	766	1624
4	1890	0	940	749	765	1615
5	1883	0	938	745	763	1629
6	1884	0	943	745	768	1683
7	1886	0	942	746	763	1695
8	1885	0	944	743	767	1687
9	1885	0	938	746	762	1645
10	1882	0	944	743	759	1686
11	1884	0	943	743	762	1680
12	1885	0	942	742	766	1691
13	1889	0	942	739	761	1667
14	1888	0	940	746	759	1351
15	1884	0	944	741	763	1414
0	1885	0	943	742	768	3245
1	1889	0	943	739	763	3785
2	1885	0	938	739	763	3774
3	1889	0	936	742	763	1453
4	1885	0	942	743	763	1465
5	1883	0	939	737	763	1681
6	1885	0	941	743	767	1488
7	1888	0	943	742	759	1558
8	1883	0	944	739	758	1555
9	1885	0	942	743	757	1562
10	1883	0	944	745	761	1589
11	1883	0	944	743	768	1568
12	1885	0	938	745	766	1601
13	1888	0	941	742	764	1606
14	1883	0	939	743	763	1626
15	1884	0	942	746	765	1638
0	1889	0	944	744	762	1654
1	1889	0	942	743	762	1679
2	1883	0	944	743	765	1714
3	1886	0	944	747	763	1737
4	1886	0	944	745	768	1760
5	1886	0	939	743	766	1776
6	1886	0	935	749	766	1803
7	1885	0	939	746	767	1803
8	1888	0	934	747	765	1809
9	1886	0	934	742	763	1787
10	1886	0	935	741	759	1767
11	1890	0	934	739	759	1738
12	1887	0	939	734	761	1723
13	1889	0	937	733	754	1678
14	1885	0	939	731	752	1682
15	1888	0	939	734	752	1662
6	3555	3874	34	2752	3587	50
11	103	304	1885	0	948	751
3	1883	0	947	747	761	1678
4	1885	0	944	751	768	1683
5	1883	0	944	750	767	1680
6	1889	0	944	753	771	1712
7	1893	0	945	754	771	1680
8	1887	0	944	757	774	1693
9	1886	0	945	752	777	1687
10	1885	0	944	752	774	1709
11	1887	0	944	752	775	1680
12	1886	0	944	751	775	1693
13	1883	0	944	751	770	1675
14	1885	0	944	749	770	1691
15	1887	0	939	748	771	1680
0	1888	0	940	750	773	1695
1	1886	0	942	747	770	1670
2	1886	0	939	747	777	1702
3	1888	0	937	745	772	1680
1	1885	0	939	747	768	0
6	512	1032	7	2672	3923	306
12	1893	0	928	753	784	1794
11	1889	0	942	741	763	1711
12	1886	0	944	741	758	1729
13	1885	0	944	741	757	1710
14	1885	0	944	742	765	1727
15	1887	0	942	745	768	1722
0	1887	0	941	743	768	1543
1	1887	0	935	743	765	1309
2	1886	0	938	747	762	2686
3	1887	0	936	745	759	3775
4	1885	0	939	746	762	3773
5	1887	0	935	747	757	2131
6	1888	0	944	748	757	1284
7	1887	0	944	747	759	1814
8	1889	0	943	746	763	1549
9	1888	0	940	749	755	1606
10	1894	0	939	746	756	1606
11	1894	0	941	748	753	1599
12	1892	0	942	747	753	1647
13	1885	0	940	741	757	1615
14	1887	0	941	743	763	1645
15	1885	0	937	747	758	1664
0	1887	0	935	741	763	1687
1	1894	0	939	743	756	1680
2	1889	0	939	746	757	1706
3	1885	0	943	742	753	1709
4	1887	0	943	743	754	1759
5	1887	0	943	741	752	1754
6	1887	0	942	742	762	1808
7	1886	0	945	739	756	1797
8	1886	0	943	741	762	1827
9	1887	0	938	740	762	1823
10	1887	0	934	744	765	1841
11	1886	0	935	743	767	1809
12	1888	0	935	746	757	1808
13	1887	0	943	746	757	1781
14	1891	0	944	750	756	1776
15	1893	0	944	748	757	1738
0	1891	0	942	749	764	1725
1	1888	0	943	749	763	1712
2	1890	0	938	750	765	1726
3	1889	0	942	750	763	1701
4	1889	0	941	746	763	1730
5	1894	0	941	746	763	1712
6	1887	0	939	748	766	1715
7	1889	0	944	746	762	1723
8	1887	0	941	745	759	1762
9	1889	0	941	747	758	1728
10	1891	0	942	743	761	1728
11	1888	0	942	743	765	1702
12	1886	0	941	743	757	1723
13	1889	0	944	743	761	1705
14	1888	0	944	745	760	1722
15	1888	0	943	743	761	1706
0	1888	0	939	742	762	1725
1	1894	0	937	740	759	1691
2	1887	0	939	746	760	1718
3	1891	0	939	742	766	1698
4	1891	0	935	743	759	1707
5	1894	0	943	745	755	1680
6	1894	0	944	746	766	1679
7	1894	0	944	742	763	1647
8	1889	0	944	745	763	1699
9	1893	0	942	743	765	1727
10	1889	0	941	741	765	1776
11	1890	0	944	747	766	1717
12	1890	0	941	750	762	1719
13	1889	0	938	749	766	1696
14	1887	0	939	746	762	1746
15	1888	0	944	749	763	1715
0	1888	0	937	744	765	1701
1	1891	0	943	749	762	1344
2	1889	0	942	741	758	1753
3	1888	0	942	743	762	3535
4	1887	0	942	743	761	3773
5	1886	0	940	738	757	3539
6	1888	0	943	742	762	1138
7	1889	0	944	742	764	1749
8	1889	0	947	736	768	1633
9	1886	0	940	736	770	1557
10	1886	0	934	738	761	1616
11	1887	0	940	739	762	1586
12	1893	0	940	739	766	1618
13	1891	0	943	736	764	1600
14	1888	0	942	735	768	1645
15	1893	0	940	738	767	1643
0	1895	0	937	741	763	1680
1	1887	0	941	742	765	1666
2	1888	0	937	744	759	1694
3	1888	0	942	742	763	1697
4	1890	0	941	743	761	1730
5	1889	0	942	743	763	1745
6	1889	0	943	745	763	1807
7	1889	0	938	746	762	1791
8	1889	0	944	745	762	1827
9	1887	0	940	743	759	1829
10	1888	0	938	745	757	1826
11	1887	0	944	739	760	1803
12	1889	0	940	743	758	1809
13	1891	0	943	747	761	1757
14	1888	0	942	742	759	1771
15	1888	0	940	742	763	1735
0	1889	0	939	745	762	1755
1	1888	0	942	739	762	1712
2	1888	0	944	741	766	1715
3	1893	0	941	740	757	1696
4	1894	0	944	740	762	1714
5	1886	0	944	739	763	1710
6	1888	0	944	738	765	1740
7	1889	0	940	740	763	1712
8	1888	0	939	745	765	1739
9	1890	0	939	743	761	1727
10	1895	0	941	743	763	1741
11	1888	0	942	742	762	1698
12	1894	0	943	743	762	1729
13	1890	0	944	744	765	1739
14	1888	0	944	746	758	1738
15	1889	0	943	745	763	1706
0	1892	0	939	747	761	1727
1	1888	0	942	743	762	1698
2	1889	0	941	744	764	1714
3	1893	0	942	746	765	1697
4	1888	0	943	742	765	1712
5	1887	0	943	743	762	1688
6	1887	0	939	749	767	1699
7	1889	0	939	745	768	1680
8	1887	0	943	745	766	1785
9	1887	0	944	751	766	1771
10	1889	0	943	750	766	1739
11	1887	0	942	752	768	1775
12	1891	0	940	752	767	1662
13	1889	0	934	749	766	1691
14	1887	0	939	752	763	1735
15	1887	0	939	752	759	1697
0	1892	0	935	751	763	1759
1	1884	0	941	751	763	1525
2	1886	0	939	750	763	1419
3	1884	0	941	748	757	2800
4	1885	0	941	742	755	3776
5	1883	0	943	738	753	3779
6	1890	0	944	738	755	1778
7	1883	0	944	741	759	1426
8	1883	0	946	739	763	1808
9	1884	0	944	740	769	1521
10	1881	0	943	739	769	1599
11	1882	0	944	742	768	1580
12	1889	0	944	737	771	1616
13	1882	0	943	736	769	1638
14	1883	0	944	738	772	1654
15	1887	0	943	733	774	1639
0	1888	0	939	731	772	1665
1	1879	0	938	733	771	1648
2	1881	0	934	732	765	1682
3	1883	0	942	734	766	1685
4	1882	0	943	737	765	1745
5	1885	0	941	741	766	1757
6	1881	0	943	741	765	1788
7	1881	0	938	742	757	1773
8	1878	0	942	741	758	1835
9	1884	0	943	742	762	1806
10	1883	0	944	739	768	1830
11	1877	0	944	738	769	1808
12	1881	0	944	741	768	1803
13	1880	0	938	741	771	1758
14	1878	0	937	737	769	1762
15	1879	0	933	731	763	1739
0	1877	0	933	731	764	1723
1	1879	0	931	730	762	1664
2	1878	0	935	727	763	1648
3	1882	0	943	728	768	1660
4	1883	0	941	731	769	1696
5	1879	0	943	737	773	1662
6	1877	0	944	738	772	1702
7	1875	0	944	741	775	1661
8	1883	0	942	742	776	1679
9	1881	0	940	742	775	1662
10	1877	0	939	743	774	1693
11	1879	0	944	745	771	1671
12	1877	0	940	746	769	1679
13	1874	0	942	743	768	1631
14	1875	0	941	738	769	1670
15	1878	0	935	741	771	1630
0	1882	0	944	736	771	1632
1	1875	0	940	731	771	1626
2	1876	0	942	730	771	1629
3	1875	0	941	726	781	1571
4	1878	0	943	723	774	1616
5	1878	0	938	727	778	1634
6	1878	0	938	726	774	1681
7	1878	0	943	727	782	1616
8	1875	0	944	725	777	1648
9	1875	0	939	721	781	1641
10	1877	0	944	723	781	1637
11	1883	0	943	729	779	1657
12	1877	0	941	729	783	1615
13	1877	0	941	726	781	1081
14	1875	0	939	725	783	1635
15	1875	0	942	724	779	3775
0	1874	0	937	723	781	3775
1	1872	0	933	729	779	3578
2	1876	0	941	723	779	873
3	1875	0	938	727	783	1668
4	1877	0	942	725	784	1623
5	1879	0	939	727	786	1466
6	1874	0	931	723	778	1546
7	1873	0	929	726	781	1509
8	1874	0	938	725	779	1598
9	1882	0	941	727	779	1529
10	1876	0	945	729	784	1607
11	1875	0	941	727	782	1611
12	1874	0	941	723	781	1638
13	1873	0	941	725	775	1636
14	1872	0	939	733	775	1680
15	1872	0	941	727	775	1680
0	1873	0	942	731	778	1757
1	1878	0	942	731	773	1764
2	1873	0	943	733	775	1819
3	1879	0	942	730	777	1835
4	1873	0	939	727	774	1900
5	1873	0	938	727	774	1900
6	1873	0	940	726	781	1941
7	1872	0	942	726	773	1904
8	1873	0	935	726	779	1907
9	1879	0	939	726	778	1840
10	1872	0	938	727	778	1852
11	1878	0	938	733	779	1760
12	1873	0	939	727	771	1718
13	1872	0	939	725	769	1630
14	1873	0	938	730	769	1629
15	1872	0	941	731	771	1582
0	1872	0	942	731	774	1629
1	1877	0	941	730	774	1617
2	1872	0	930	731	768	1648
3	1874	0	943	737	771	1623
4	1877	0	944	733	776	1687
5	1872	0	932	731	779	1645
6	1872	0	939	726	774	1687
7	1872	0	939	728	775	1666
8	1873	0	938	727	777	1697
9	1875	0	938	730	771	1634
10	1872	0	935	727	774	1651
11	1872	0	938	730	774	1615
12	1876	0	942	725	774	1629
13	1879	0	938	729	769	1619
14	1873	0	935	730	771	1648
15	1872	0	933	725	771	1621
0	1872	0	935	734	770	1653
1	1872	0	940	733	773	1619
2	1875	0	942	726	777	1681
3	1872	0	937	730	769	1629
4	1872	0	944	735	767	1610
5	1872	0	938	729	773	1107
6	1872	0	943	730	773	1417
7	1872	0	935	727	770	3643
8	1872	0	941	727	768	3775
9	1872	0	934	724	768	3781
10	1872	0	944	730	771	1037
11	1873	0	937	727	768	1570
12	1880	0	935	724	771	1646
13	1873	0	944	729	775	1447
14	1877	0	935	733	773	1580
15	1873	0	930	733	768	1520
0	1878	0	933	731	768	1584
1	1872	0	941	735	769	1570
2	1872	0	937	734	770	1619
3	1873	0	933	736	775	1635
4	1881	0	929	734	771	1650
5	1872	0	931	732	768	1670
6	1874	0	937	729	765	1712
7	1872	0	933	727	768	1697
8	1872	0	935	726	768	1778
9	1877	0	931	735	766	1776
10	1877	0	931	734	763	1839
11	1879	0	935	732	766	1885
12	1877	0	941	731	766	1934
13	1875	0	944	732	773	1927
14	1876	0	944	727	775	1958
15	1882	0	943	733	782	1893
0	1874	0	939	732	775	1916
1	1875	0	939	732	773	1863
2	1874	0	943	729	774	1838
3	1877	0	941	729	777	1739
4	1876	0	938	730	781	1703
5	1874	0	942	731	770	1619
6	1875	0	939	731	774	1616
7	1875	0	939	730	777	1575
8	1877	0	939	730	778	1616
9	1878	0	933	730	778	1614
10	1875	0	934	733	774	1634
11	1877	0	943	731	773	1601
12	1877	0	943	729	781	1674
13	1877	0	938	729	771	1661
14	1879	0	945	729	772	1680
15	1877	0	941	734	773	1650
0	1877	0	943	733	774	1671
1	1875	0	941	726	771	1648
2	1877	0	938	726	772	1664
3	1882	0	940	729	771	1594
4	1876	0	944	726	774	1626
5	1879	0	942	729	780	1575
6	1879	0	941	731	775	1616
7	1878	0	939	735	779	1581
8	1885	0	940	734	781	1645
9	1876	0	935	736	779	1603
10	1875	0	938	735	783	1648
11	1875	0	940	737	777	1584
12	1879	0	943	731	778	1651
13	1878	0	941	733	782	1593
14	1877	0	938	733	782	1168
15	1883	0	939	730	775	1008
0	1876	0	934	731	774	3184
1	1877	0	935	734	774	3773
2	1879	0	935	730	778	3787
3	1874	0	944	729	777	1824
4	1878	0	944	730	782	1205
5	1877	0	940	729	784	1689
6	1879	0	935	731	781	1402
7	1878	0	931	731	772	1483
8	1879	0	940	733	775	1489
9	1883	0	944	732	775	1450
10	1882	0	947	733	783	1527
11	1879	0	944	732	786	1505
12	1880	0	929	731	780	1533
13	1886	0	926	730	775	1535
14	1877	0	939	733	768	1600
15	1878	0	945	735	774	1571
0	1883	0	944	734	779	1619
1	1875	0	943	738	775	1610
2	1877	0	939	735	781	1668
3	1877	0	939	735	780	1659
4	1874	0	935	734	778	1722
5	1879	0	934	731	779	1728
6	1881	0	935	731	784	1779
7	1874	0	941	731	783	1744
8	1883	0	942	731	778	1756
9	1875	0	942	730	779	1718
10	1880	0	940	732	781	1740
11	1882	0	939	730	782	1677
12	1877	0	938	735	777	1670
13	1878	0	940	730	781	1616
14	1877	0	942	731	780	1633
15	1876	0	941	733	784	1584
0	1878	0	942	729	782	1629
1	1882	0	943	729	782	1595
2	1878	0	941	734	782	1643
3	1879	0	941	729	784	1633
4	1878	0	939	727	784	1670
5	1882	0	937	730	781	1647
6	1877	0	935	733	779	1687
7	1877	0	941	737	783	1639
8	1879	0	939	737	781	1682
9	1877	0	942	738	779	1648
10	1878	0	939	741	781	1654
11	1878	0	941	738	777	1630
12	1878	0	942	736	783	1667
13	1877	0	942	739	781	1627
14	1876	0	939	736	781	1638
15	1879	0	940	735	781	1595
0	1877	0	944	736	781	1618
1	1879	0	941	735	783	1584
2	1878	0	941	733	778	1619
3	1879	0	937	733	779	1601
4	1885	0	937	736	775	1655
5	1879	0	942	731	780	1616
6	1882	0	941	730	777	1663
7	1882	0	943	730	780	1639
8	1878	0	942	732	776	1680
9	1878	0	939	730	780	1611
10	1875	0	943	731	779	1226
11	1885	0	944	734	781	1104
12	1879	0	942	736	781	3221
13	1879	0	939	735	778	3774
14	1877	0	937	734	780	3776
15	1879	0	938	731	779	1990
0	1881	0	943	732	779	1142
1	1878	0	939	734	784	1758
2	1877	0	934	731	783	1437
3	1878	0	932	733	772	1497
4	1881	0	939	730	778	1520
5	1882	0	944	731	773	1491
6	1881	0	944	731	784	1555
7	1886	0	937	729	787	1510
8	1878	0	928	730	784	1568
9	1881	0	933	733	781	1563
10	1882	0	935	733	777	1605
11	1879	0	943	735	779	1583
12	1879	0	944	735	780	1623
13	1877	0	943	734	775	1623
14	1880	0	944	734	780	1695
15	1879	0	943	734	781	1677
0	1885	0	941	731	784	1757
1	1886	0	938	730	783	1755
2	1886	0	939	731	781	1808
3	1887	0	935	734	784	1774
4	1878	0	941	731	779	1807
5	1881	0	939	733	780	1755
6	1882	0	940	733	781	1774
7	1882	0	941	734	781	1709
8	1881	0	942	733	783	1713
9	1880	0	941	733	783	1649
10	1879	0	944	736	783	1653
11	1881	0	943	735	784	1602
12	1880	0	941	738	782	1630
13	1878	0	938	737	777	1616
14	1879	0	942	734	784	1655
15	1879	0	939	733	785	1637
0	1887	0	931	735	781	1671
1	1879	0	935	736	780	1643
2	1886	0	935	736	781	1697
3	1879	0	939	736	783	1650
4	1886	0	935	735	781	1680
5	1882	0	937	734	775	1651
6	1886	0	939	739	780	1678
7	1879	0	944	734	784	1639
8	1878	0	943	730	783	1673
9	1879	0	939	731	782	1643
10	1879	0	939	733	779	1674
11	1881	0	938	729	778	1636
12	1886	0	942	733	780	1673
13	1886	0	943	734	779	1637
14	1882	0	943	736	780	1680
15	1886	0	942	736	779	1637
0	1879	0	939	736	781	1679
1	1878	0	935	735	781	1637
2	1883	0	939	736	778	1686
3	1881	0	944	737	781	1641
4	1885	0	940	738	784	1661
5	1879	0	940	736	784	1623
6	1879	0	939	735	783	1653
7	1882	0	935	734	784	1626
8	1881	0	938	735	783	1693
9	1887	0	941	737	777	1680
10	1877	0	944	737	776	1713
11	1883	0	940	736	778	1669
12	1878	0	938	735	778	1706
13	1886	0	939	735	779	1684
14	1882	0	943	738	779	1718
15	1887	0	941	734	783	1427
0	1881	0	941	733	783	1107
1	1879	0	937	733	783	2576
2	1879	0	935	733	784	3774
3	1879	0	938	735	783	3775
4	1881	0	935	733	779	3070
5	1886	0	944	730	779	895
6	1881	0	944	731	784	1861
7	1879	0	935	732	784	1469
8	1887	0	934	739	774	1543
9	1882	0	943	733	782	1520
10	1882	0	939	733	780	1552
11	1880	0	944	731	785	1535
12	1882	0	939	733	793	1598
13	1885	0	937	735	786	1559
14	1879	0	931	732	781	1609
15	1882	0	933	731	780	1584
0	1882	0	937	733	783	1637
1	1882	0	943	734	781	1616
2	1882	0	944	735	775	1677
3	1881	0	944	736	778	1653
4	1886	0	943	734	778	1719
5	1881	0	942	738	781	1712
6	1882	0	942	734	782	1769
7	1882	0	937	736	782	1762
8	1879	0	935	738	779	1824
9	1882	0	939	736	780	1797
10	1881	0	941	736	784	1821
11	1879	0	941	735	782	1764
12	1881	0	938	735	779	1797
13	1882	0	938	734	782	1728
14	1881	0	942	732	781	1739
15	1881	0	941	736	778	1667
0	1883	0	944	733	780	1680
1	1881	0	944	731	781	1639
2	1879	0	941	733	777	1682
3	1881	0	942	734	783	1633
4	1888	0	942	733	784	1677
5	1881	0	935	734	782	1653
6	1884	0	934	730	782	1697
7	1883	0	940	737	782	1655
8	1888	0	937	736	782	1691
9	1879	0	937	739	782	1649
10	1881	0	938	736	779	1685
11	1879	0	938	736	781	1648
12	1883	0	937	743	780	1680
13	1882	0	937	735	780	1642
14	1882	0	941	735	781	1681
15	1881	0	939	736	783	1650
0	1886	0	935	735	779	1681
1	1883	0	937	735	780	1657
2	1879	0	943	735	779	1695
3	1882	0	944	730	781	1661
4	1887	0	944	731	782	1695
5	1881	0	938	733	785	1654
6	1882	0	935	731	784	1699
7	1881	0	936	732	784	1658
8	1881	0	938	734	781	1701
9	1884	0	939	734	782	1669
10	1882	0	940	735	780	1710
11	1883	0	938	734	782	1667
12	1881	0	944	737	780	1711
13	1882	0	939	737	782	1670
14	1885	0	939	735	782	1705
15	1886	0	940	735	784	1680
0	1887	0	938	735	784	1718
1	1882	0	938	734	783	1676
2	1881	0	935	731	782	1715
3	1880	0	935	732	782	1675
4	1883	0	935	734	782	1699
5	1890	0	937	731	783	1657
6	1881	0	935	733	782	1680
7	1881	0	938	733	781	1649
8	1881	0	939	735	782	1726
9	1883	0	939	735	781	1710
10	1883	0	941	737	782	1744
11	1883	0	941	736	780	1696
12	1881	0	938	734	784	1744
13	1883	0	944	732	782	1709
14	1883	0	941	733	783	1749
15	1881	0	937	733	782	1516
0	1883	0	939	734	779	1156
1	1889	0	939	735	779	2343
2	1883	0	939	734	781	3774
3	1883	0	939	734	783	3773
4	1883	0	939	736	774	3311
5	1882	0	943	734	784	921
6	1879	0	937	733	787	1862
7	1885	0	935	736	786	1520
8	1881	0	930	736	777	1562
9	1884	0	942	737	774	1558
10	1885	0	941	736	774	1584
11	1883	0	947	734	784	1569
12	1890	0	949	734	784	1608
13	1889	0	938	733	787	1577
14	1888	0	935	734	785	1629
15	1888	0	933	733	782	1602
0	1884	0	941	734	783	1654
1	1883	0	941	736	779	1619
2	1883	0	941	736	779	1686
3	1888	0	942	736	783	1669
4	1882	0	941	735	777	1731
5	1887	0	942	735	778	1717
6	1882	0	942	734	779	1778
7	1883	0	941	736	784	1759
8	1880	0	939	735	784	1843
9	1881	0	937	737	783	1830
10	1883	0	936	735	783	1866
11	1883	0	937	734	787	1802
12	1883	0	938	731	784	1824
13	1885	0	939	735	785	1762
14	1884	0	938	733	784	1771
15	1882	0	940	734	778	1687
0	1885	0	941	735	780	1703
1	1890	0	942	733	784	1647
2	1883	0	944	738	784	1676
3	1883	0	939	734	782	1635
4	1883	0	943	731	783	1680
5	1883	0	940	733	784	1639
6	1885	0	933	734	783	1686
7	1884	0	934	737	783	1649
8	1888	0	939	735	784	1681
9	1885	0	941	736	782	1646
10	1883	0	937	737	784	1683
11	1883	0	940	737	783	1646
12	1885	0	942	736	782	1682
13	1881	0	939	736	781	1641
14	1883	0	944	738	782	1681
15	1879	0	941	735	781	1639
0	1882	0	942	735	781	1680
1	1883	0	935	737	784	1646
2	1882	0	942	736	784	1680
3	1882	0	943	734	784	1638
4	1883	0	935	735	784	1678
5	1884	0	937	737	783	1642
6	1885	0	939	731	782	1680
7	1888	0	944	734	781	1645
8	1883	0	944	734	778	1686
9	1882	0	943	733	778	1647
10	1883	0	939	733	784	1681
11	1887	0	939	736	784	1650
12	1884	0	937	734	783	1712
13	1889	0	934	739	781	1657
14	1889	0	935	732	783	1706
15	1884	0	937	737	783	1669
0	1887	0	940	737	779	1709
1	1884	0	935	735	783	1667
2	1882	0	941	734	783	1710
3	1882	0	938	733	783	1666
4	1884	0	941	734	783	1695
5	1882	0	944	737	778	1664
6	1882	0	939	735	775	1741
7	1885	0	944	736	775	1707
8	1885	0	939	733	779	1778
9	1882	0	940	733	779	1726
10	1883	0	941	738	779	1727
11	1886	0	937	733	779	1680
12	1887	0	941	735	778	1729
13	1882	0	943	735	779	1692
14	1883	0	942	735	779	1680
15	1883	0	938	735	782	1207
0	1889	0	939	734	779	1646
1	1885	0	938	734	784	3643
2	1886	0	938	735	782	3771
3	1885	0	937	735	779	3778
4	1883	0	942	735	784	1280
5	1885	0	940	736	780	1548
6	1886	0	944	736	784	1697
7	1882	0	938	736	779	1467
8	1885	0	935	738	777	1598
9	1885	0	937	734	779	1546
10	1886	0	943	736	779	1600
11	1885	0	941	735	783	1570
12	1883	0	941	734	786	1625
13	1890	0	935	730	784	1600
14	1885	0	931	733	781	1656
15	1883	0	933	731	778	1616
0	1885	0	939	734	775	1676
1	1885	0	944	735	774	1655
2	1883	0	944	734	774	1714
3	1886	0	944	736	777	1701
4	1883	0	944	733	779	1776
5	1887	0	936	735	788	1766
6	1883	0	934	733	785	1838
7	1883	0	935	733	784	1822
8	1883	0	935	734	783	1872
9	1886	0	939	734	781	1837
10	1885	0	939	733	782	1867
11	1882	0	938	734	781	1808
12	1884	0	939	737	779	1825
13	1883	0	939	735	782	1757
14	1883	0	939	731	780	1758
15	1887	0	941	734	780	1690
0	1885	0	943	733	779	1706
1	1884	0	943	732	778	1648
2	1885	0	937	736	778	1684
3	1887	0	944	734	780	1664
4	1883	0	945	733	784	1696
5	1883	0	943	731	779	1666
6	1885	0	943	737	782	1711
7	1885	0	940	737	777	1678
8	1883	0	938	735	779	1728
9	1882	0	939	734	779	1681
10	1884	0	935	733	775	1714
11	1885	0	939	734	777	1680
12	1891	0	938	738	779	1728
13	1883	0	941	736	783	1685
14	1883	0	941	731	779	1722
15	1887	0	941	733	775	1679
0	1883	0	943	736	777	1705
1	1889	0	942	733	779	1663
2	1883	0	943	738	781	1710
3	1887	0	939	735	783	1680
4	1884	0	944	735	782	1712
5	1882	0	937	734	784	1669
6	1885	0	939	737	779	1712
7	1883	0	939	735	779	1666
8	1889	0	940	736	784	1702
9	1885	0	937	736	779	1667
10	1883	0	938	735	782	1713
11	1888	0	942	736	779	1680
12	1883	0	940	735	781	1713
13	1884	0	935	735	784	1678
14	1886	0	942	731	782	1719
15	1883	0	939	735	783	1678
0	1886	0	942	731	781	1728
1	1884	0	943	731	782	1685
2	1883	0	941	732	775	1702
3	1882	0	941	735	779	1671
4	1885	0	941	731	782	1745
5	1883	0	942	738	784	1722
6	1890	0	938	735	781	1788
7	1888	0	944	736	780	1730
8	1890	0	941	735	782	1725
9	1883	0	938	737	776	1680
10	1883	0	941	737	782	1721
11	1885	0	941	739	775	1682
12	1883	0	941	739	778	1711
13	1887	0	937	740	780	1299
14	1885	0	941	739	779	1495
15	1889	0	941	737	778	3232
0	1882	0	939	734	781	3776
1	1888	0	942	737	779	3777
2	1883	0	941	737	779	1363
3	1883	0	944	734	779	1513
4	1885	0	942	736	781	1703
5	1883	0	941	733	779	1470
6	1888	0	934	735	779	1590
7	1882	0	935	733	777	1527
8	1888	0	942	738	775	1596
9	1889	0	946	734	778	1553
10	1882	0	944	734	782	1607
11	1889	0	937	735	784	1573
12	1885	0	931	738	781	1639
13	1882	0	930	734	778	1607
14	1879	0	933	735	777	1666
15	1882	0	943	734	774	1650
0	1883	0	941	737	777	1710
1	1882	0	939	735	779	1694
2	1882	0	941	737	778	1761
3	1883	0	944	736	779	1747
4	1881	0	939	733	778	1833
5	1882	0	941	733	778	1798
6	1881	0	941	734	779	1873
7	1883	0	941	735	777	1837
8	1879	0	938	733	778	1857
9	1882	0	941	735	777	1805
10	1883	0	937	735	779	1823
11	1882	0	941	737	778	1755
12	1883	0	938	736	781	1762
13	1880	0	939	735	774	1678
14	1882	0	938	739	775	1698
15	1885	0	941	739	775	1631
0	1885	0	941	741	778	1668
1	1882	0	942	742	772	1629
2	1882	0	943	740	777	1673
3	1882	0	943	736	775	1633
4	1881	0	943	738	775	1692
5	1887	0	939	739	775	1662
6	1882	0	941	737	775	1702
7	1882	0	943	738	774	1655
8	1881	0	943	737	781	1697
9	1882	0	942	738	776	1661
10	1888	0	943	735	775	1703
11	1885	0	938	737	775	1648
12	1882	0	941	736	774	1684
13	1889	0	942	736	780	1635
14	1883	0	939	736	775	1680
15	1883	0	939	738	777	1639
0	1883	0	943	737	775	1680
1	1883	0	939	737	778	1643
2	1888	0	943	735	774	1677
3	1882	0	940	736	779	1642
4	1883	0	940	741	775	1675
5	1884	0	941	734	778	1647
6	1882	0	941	736	780	1695
7	1883	0	940	739	775	1654
8	1883	0	940	734	775	1696
9	1882	0	941	737	777	1663
10	1885	0	944	734	779	1707
11	1888	0	941	736	774	1656
12	1882	0	942	732	779	1699
13	1886	0	944	735	781	1659
14	1888	0	944	736	779	1712
15	1886	0	943	737	779	1707
0	1885	0	939	734	778	1763
1	1885	0	942	735	778	1731
2	1884	0	938	733	779	1744
3	1887	0	939	734	779	1680
4	1885	0	942	737	774	1719
5	1885	0	941	737	775	1683
6	1890	0	944	733	777	1732
7	1884	0	940	735	775	1615
8	1884	0	942	739	775	1268
9	1885	0	938	735	777	1856
10	1886	0	937	739	775	3729
11	1887	0	937	736	770	3781
12	1885	0	937	737	772	3353
13	1890	0	942	739	769	1006
14	1886	0	944	739	775	1812
15	1884	0	942	738	775	1553
0	1886	0	941	737	779	1565
1	1886	0	938	737	772	1555
2	1887	0	941	739	775	1589
3	1885	0	943	741	774	1570
4	1883	0	947	736	779	1627
5	1885	0	942	738	784	1587
6	1883	0	937	737	784	1648
7	1884	0	931	737	782	1616
8	1885	0	936	736	781	1681
9	1884	0	935	736	773	1649
10	1883	0	943	739	772	1714
11	1884	0	943	736	771	1699
12	1884	0	944	737	768	1774
13	1886	0	944	736	774	1754
14	1890	0	942	737	775	1840
15	1883	0	943	736	772	1802
0	1885	0	939	738	773	1876
1	1882	0	940	736	773	1852
2	1882	0	935	737	774	1902
3	1886	0	937	735	775	1840
4	1884	0	939	736	779	1867
5	1883	0	941	736	775	1798
6	1888	0	938	735	779	1814
7	1881	0	944	736	775	1726
8	1883	0	942	734	773	1741
9	1885	0	946	736	779	1678
10	1886	0	944	734	779	1699
11	1884	0	939	735	778	1661
12	1888	0	943	735	778	1706
13	1889	0	937	734	774	1671
14	1884	0	939	733	778	1717
15	1883	0	943	732	770	1677
0	1883	0	938	738	768	1730
1	1883	0	944	734	771	1691
2	1883	0	943	737	769	1737
3	1883	0	940	739	771	1680
4	1883	0	940	741	775	1724
5	1887	0	939	739	775	1675
6	1883	0	939	739	779	1715
7	1884	0	942	738	775	1671
8	1881	0	943	737	775	1707
9	1887	0	943	738	776	1663
10	1887	0	945	736	775	1698
11	1883	0	943	738	773	1653
12	1883	0	941	737	773	1689
13	1882	0	940	737	778	1647
14	1888	0	942	735	775	1703
15	1886	0	941	736	778	1667
0	1883	0	939	736	779	1706
1	1881	0	941	735	774	1665
2	1890	0	936	741	777	1706
3	1882	0	941	736	775	1661
4	1883	0	941	739	777	1702
5	1883	0	941	739	775	1648
6	1885	0	943	739	775	1712
7	1887	0	940	742	777	1697
8	1884	0	943	738	777	1754
9	1889	0	937	741	778	1738
10	1885	0	937	737	778	1761
11	1883	0	941	742	777	1664
12	1888	0	941	739	773	1707
13	1883	0	941	737	771	1673
14	1886	0	944	736	776	1728
15	1883	0	939	735	778	1600
0	1882	0	942	736	779	1276
1	1885	0	943	736	778	1845
2	1885	0	938	737	777	3697
3	1885	0	938	734	773	3777
4	1882	0	941	735	773	3290
5	1884	0	942	739	773	992
6	1890	0	944	736	772	1804
7	1885	0	939	734	777	1526
8	1882	0	937	736	777	1552
9	1885	0	938	736	773	1527
10	1882	0	942	739	769	1578
11	1885	0	944	737	774	1552
12	1885	0	942	737	774	1603
13	1883	0	939	736	783	1569
14	1884	0	937	736	781	1627
15	1886	0	935	735	778	1594
0	1888	0	941	735	778	1653
1	1885	0	941	739	776	1620
2	1888	0	942	736	772	1694
3	1883	0	944	735	768	1671
4	1884	0	943	736	775	1740
5	1885	0	945	736	777	1719
6	1882	0	942	733	779	1790
7	1889	0	938	737	778	1771
8	1885	0	941	735	777	1836
9	1886	0	934	735	773	1805
10	1885	0	935	736	773	1843
11	1890	0	943	737	773	1793
12	1883	0	944	738	770	1824
13	1883	0	944	734	771	1754
14	1883	0	942	735	778	1775
15	1882	0	934	739	779	1697
0	1882	0	939	736	778	1715
1	1885	0	941	735	773	1655
2	1884	0	943	735	778	1684
3	1883	0	943	737	775	1645
4	1885	0	943	733	774	1689
5	1885	0	944	733	777	1653
6	1883	0	941	733	777	1702
7	1886	0	939	733	776	1661
8	1884	0	938	732	775	1712
9	1889	0	937	737	775	1669
10	1890	0	935	736	773	1705
11	1883	0	940	739	777	1665
12	1887	0	941	740	775	1702
13	1883	0	940	737	774	1655
14	1889	0	942	737	770	1690
15	1889	0	942	739	773	1642
0	1884	0	944	740	775	1680
1	1883	0	944	736	774	1633
2	1883	0	944	737	779	1680
3	1885	0	942	736	776	1644
4	1885	0	943	735	775	1682
5	1883	0	939	736	777	1642
6	1885	0	940	737	775	1697
7	1884	0	938	738	782	1648
8	1884	0	938	733	779	1684
9	1883	0	939	736	773	1635
10	1885	0	940	735	775	1695
11	1884	0	939	735	775	1694
12	1886	0	945	735	775	1743
13	1885	0	938	733	778	1725
14	1891	0	937	733	773	1761
15	1893	0	944	733	775	1663
0	1887	0	944	739	775	1698
1	1886	0	941	734	771	1667
2	1889	0	942	735	775	1727
3	1885	0	943	734	779	1670
4	1885	0	939	736	773	1441
5	1885	0	941	738	775	1343
6	1885	0	943	740	771	2896
7	1885	0	940	735	774	3771
8	1887	0	935	738	775	3773
9	1886	0	937	736	774	1447
10	1883	0	939	738	775	1527
11	1889	0	943	738	777	1674
12	1892	0	938	739	779	1526
13	1883	0	934	739	770	1556
14	1891	0	939	737	768	1587
15	1885	0	942	740	777	1565
0	1887	0	943	737	774	1625
1	1889	0	944	742	779	1582
2	1887	0	938	734	780	1639
3	1888	0	938	737	780	1616
4	1885	0	934	737	777	1675
5	1886	0	939	737	774	1657
6	1885	0	942	739	771	1725
7	1886	0	943	743	770	1682
8	1888	0	944	740	773	1766
9	1886	0	944	743	772	1758
10	1891	0	942	741	777	1840
11	1885	0	942	736	775	1820
12	1883	0	939	738	774	1889
13	1883	0	943	737	775	1855
14	1885	0	941	737	777	1898
15	1882	0	939	739	775	1840
0	1885	0	939	738	774	1881
1	1885	0	941	740	773	1807
2	1883	0	943	740	779	1831
3	1883	0	939	739	778	1749
4	1887	0	937	737	778	1764
5	1883	0	938	735	773	1682
6	1883	0	944	738	774	1710
7	1883	0	940	737	774	1658
8	1883	0	944	743	772	1712
9	1882	0	942	739	775	1666
10	1882	0	939	738	771	1726
11	1883	0	942	737	777	1675
12	1882	0	937	737	782	1725
13	1882	0	942	736	777	1687
14	1889	0	939	736	781	1712
15	1885	0	940	743	784	1676
0	1883	0	938	739	779	1722
1	1888	0	939	738	775	1664
2	1882	0	944	739	775	1699
3	1883	0	938	738	778	1663
4	1882	0	938	735	774	1696
5	1884	0	939	737	783	1648
6	1881	0	941	738	782	1701
7	1882	0	941	735	777	1643
8	1883	0	943	738	775	1680
9	1887	0	944	736	778	1621
10	1883	0	941	734	778	1686
11	1883	0	941	735	784	1661
12	1887	0	938	735	782	1736
13	1881	0	941	733	779	1690
14	1883	0	938	738	777	1705
15	1886	0	942	735	775	1647
0	1880	0	935	735	779	1699
1	1878	0	940	738	778	1648
2	1882	0	944	737	777	1696
3	1881	0	943	739	776	1615
4	1882	0	939	738	775	1248
5	1883	0	943	740	783	1630
6	1882	0	940	737	779	3578
7	1879	0	940	736	775	3780
8	1878	0	941	738	779	3535
9	1882	0	939	737	776	980
10	1883	0	942	739	779	1754
11	1883	0	943	735	782	1551
12	1879	0	942	737	781	1531
13	1883	0	934	739	781	1545
14	1884	0	937	738	780	1569
15	1883	0	942	742	777	1542
0	1883	0	942	739	782	1612
1	1881	0	946	736	783	1569
2	1879	0	940	737	783	1631
3	1880	0	933	737	776	1617
4	1879	0	939	737	775	1657
5	1879	0	942	737	773	1642
6	1882	0	942	738	777	1694
7	1886	0	944	738	777	1690
8	1879	0	943	741	772	1766
9	1882	0	943	737	778	1744
10	1879	0	941	738	777	1830
11	1886	0	938	736	774	1826
12	1884	0	935	739	773	1872
13	1879	0	940	738	778	1862
14	1879	0	941	736	777	1910
15	1878	0	937	737	775	1838
0	1879	0	939	737	777	1863
1	1879	0	935	736	774	1801
2	1879	0	939	735	775	1802
3	1879	0	941	737	775	1714
4	1879	0	942	737	775	1712
5	1879	0	944	735	776	1631
6	1885	0	939	741	777	1664
7	1885	0	944	738	775	1622
8	1882	0	944	738	781	1669
9	1882	0	941	737	782	1645
10	1878	0	939	741	777	1694
11	1884	0	941	739	783	1664
12	1882	0	939	736	782	1721
13	1879	0	935	736	778	1677
14	1877	0	939	737	777	1716
15	1883	0	941	737	782	1685
0	1881	0	938	735	777	1723
1	1887	0	939	739	774	1664
2	1882	0	940	738	781	1712
3	1879	0	938	740	778	1623
4	1882	0	939	738	777	1680
5	1882	0	944	740	778	1648
6	1881	0	941	742	778	1710
7	1882	0	940	740	774	1664
8	1885	0	943	739	778	1682
9	1881	0	941	738	775	1634
10	1879	0	942	737	775	1687
11	1878	0	941	739	773	1642
12	1881	0	939	741	775	1695
13	1885	0	939	738	775	1594
14	1881	0	939	739	782	1142
15	1879	0	940	738	775	1512
0	1879	0	940	735	778	3489
1	1882	0	933	738	778	3775
2	1878	0	934	737	774	3527
3	1881	0	938	736	775	987
4	1879	0	944	736	779	1767
5	1882	0	944	739	783	1561
6	1879	0	941	736	780	1535
7	1883	0	934	737	772	1535
8	1881	0	941	737	778	1581
9	1879	0	942	739	780	1567
10	1886	0	941	736	777	1609
11	1881	0	943	736	780	1580
12	1884	0	938	735	781	1642
13	1881	0	936	736	775	1607
14	1883	0	937	737	778	1676
15	1886	0	939	737	775	1649
0	1882	0	944	739	776	1723
1	1882	0	941	743	778	1703
2	1887	0	942	739	779	1763
3	1884	0	937	737	775	1765
4	1879	0	939	738	779	1831
5	1882	0	944	739	777	1815
6	1883	0	941	739	779	1899
7	1881	0	943	737	777	1859
8	1881	0	937	737	779	1877
9	1881	0	937	735	779	1822
10	1883	0	941	736	782	1846
11	1883	0	940	735	779	1774
12	1882	0	939	735	779	1774
13	1882	0	941	737	780	1691
14	1879	0	943	735	779	1701
15	1882	0	937	738	779	1637
0	1884	0	937	739	777	1679
1	1884	0	944	738	774	1636
2	1883	0	941	745	778	1692
3	1883	0	937	738	773	1653
4	1882	0	940	741	775	1712
5	1883	0	943	739	777	1674
6	1884	0	938	741	779	1724
7	1883	0	937	739	779	1682
8	1883	0	939	738	776	1738
9	1882	0	942	738	782	1681
10	1885	0	942	735	779	1727
11	1882	0	943	736	780	1680
12	1883	0	941	737	778	1718
13	1882	0	939	736	778	1669
14	1882	0	940	740	778	1695
15	1883	0	941	737	777	1616
0	1885	0	941	738	781	1694
1	1888	0	938	738	775	1664
2	1885	0	938	738	775	1738
3	1884	0	941	737	780	1675
4	1882	0	941	738	779	1706
5	1885	0	939	739	778	1653
6	1888	0	940	738	777	1703
7	1879	0	943	739	778	1664
8	1883	0	943	739	781	1713
9	1883	0	943	739	778	1442
10	1883	0	941	737	779	1165
11	1883	0	941	739	782	2450
12	1881	0	938	739	778	3771
13	1883	0	942	736	780	3775
14	1884	0	935	738	777	2487
15	1884	0	944	737	771	1080
0	1883	0	943	737	778	1840
1	1881	0	940	740	783	1458
2	1881	0	935	739	774	1584
3	1886	0	939	737	778	1533
4	1885	0	942	739	773	1579
5	1885	0	944	739	779	1551
6	1881	0	943	738	781	1601
7	1881	0	937	739	783	1566
8	1885	0	938	736	777	1627
9	1884	0	939	736	773	1598
10	1883	0	937	739	774	1653
11	1886	0	943	736	773	1617
12	1885	0	944	737	780	1697
13	1888	0	944	740	784	1665
14	1884	0	941	738	777	1747
15	1888	0	942	737	777	1728
0	1889	0	939	736	779	1806
1	1883	0	940	738	777	1777
2	1889	0	939	737	779	1840
3	1885	0	939	738	775	1794
4	1883	0	939	738	777	1827
5	1886	0	944	736	780	1769
6	1888	0	942	735	775	1792
7	1884	0	943	736	778	1722
8	1883	0	941	733	777	1743
9	1883	0	941	733	777	1667
10	1883	0	941	735	780	1698
11	1883	0	944	735	778	1639
12	1885	0	943	738	777	1682
13	1884	0	943	739	775	1651
14	1885	0	946	737	777	1703
15	1883	0	940	739	779	1665
0	1883	0	939	739	777	1723
1	1882	0	938	736	784	1675
2	1890	0	941	733	779	1725
3	1886	0	941	737	782	1680
4	1887	0	944	735	778	1715
5	1884	0	941	737	778	1670
6	1883	0	943	735	778	1715
7	1889	0	941	734	777	1657
8	1888	0	944	737	778	1693
9	1883	0	944	738	777	1651
10	1883	0	941	736	783	1680
11	1882	0	944	736	781	1618
12	1883	0	942	739	781	1654
13	1885	0	940	739	783	1638
14	1886	0	931	736	779	1712
15	1883	0	933	735	775	1678
0	1882	0	936	737	773	1698
1	1885	0	938	733	774	1635
2	1881	0	938	734	773	1684
3	1882	0	941	734	771	1644
4	1881	0	939	733	774	1687
5	1886	0	939	734	772	1638
6	1887	0	940	735	772	1343
7	1884	0	941	737	771	1206
8	1882	0	944	734	771	3011
9	1884	0	944	732	772	3776
10	1882	0	942	735	770	3776
11	1883	0	941	733	771	1694
12	1882	0	944	733	773	1328
13	1885	0	944	730	778	1713
14	1884	0	945	733	784	1474
15	1888	0	941	735	783	1523
0	1881	0	941	735	784	1560
1	1882	0	942	733	784	1520
2	1888	0	941	733	793	1574
3	1883	0	942	734	795	1535
4	1881	0	933	730	788	1614
5	1884	0	928	734	787	1572
6	1885	0	931	736	784	1654
7	1883	0	935	736	775	1623
8	1883	0	935	736	778	1674
9	1886	0	935	740	770	1661
10	1881	0	935	743	768	1718
11	1882	0	939	739	768	1699
12	1886	0	946	738	770	1782
13	1886	0	946	736	770	1771
14	1883	0	950	735	771	1840
15	1882	0	957	733	782	1791
0	1887	0	955	731	783	1830
1	1884	0	950	735	784	1787
2	1888	0	946	741	784	1817
3	1888	0	939	741	785	1728
4	1884	0	933	736	781	1746
5	1885	0	933	734	774	1671
6	1886	0	938	727	768	1695
7	1883	0	936	726	772	1616
8	1886	0	944	723	771	1644
9	1887	0	944	722	769	1616
10	1887	0	938	723	773	1665
11	1887	0	944	723	773	1617
12	1886	0	946	725	774	1675
13	1885	0	945	723	770	1637
14	1889	0	945	720	768	1699
15	1887	0	946	715	776	1649
0	1889	0	948	707	774	1689
1	1887	0	948	709	773	1650
2	1887	0	946	708	773	1713
3	1886	0	944	708	767	1649
4	1886	0	947	713	766	1674
5	1888	0	944	720	767	1633
6	1887	0	944	723	767	1694
7	1888	0	944	731	768	1670
8	1892	0	944	736	767	1686
9	1889	0	934	743	765	1648
10	1888	0	929	747	759	1681
11	1887	0	926	748	755	1641
12	1887	0	923	751	755	1655
13	1887	0	923	751	757	1591
14	1886	0	927	749	756	1676
15	1888	0	930	745	753	1680
0	1885	0	933	740	756	1735
1	1888	0	934	733	755	1685
2	1889	0	935	730	758	1694
3	1886	0	939	730	762	1653
4	1888	0	941	731	763	1694
5	1887	0	935	729	763	1667
6	1888	0	938	732	755	1701
7	1887	0	938	731	758	1575
8	1887	0	935	730	753	1184
9	1886	0	935	732	757	1870
10	1887	0	935	730	753	3781
11	1886	0	933	727	749	3774
12	1888	0	933	737	749	3267
13	1887	0	938	735	747	965
14	1886	0	943	736	753	1809
15	1886	0	938	732	751	1526
0	1886	0	934	734	750	1552
1	1885	0	932	735	750	1552
2	1887	0	935	738	747	1586
3	1888	0	938	736	747	1581
4	1887	0	941	737	752	1612
5	1885	0	935	735	752	1585
6	1887	0	934	735	752	1633
7	1885	0	935	734	752	1618
8	1887	0	939	733	752	1664
9	1885	0	940	736	751	1658
10	1886	0	939	737	752	1719
11	1889	0	942	735	754	1689
12	1887	0	939	735	757	1742
13	1889	0	938	734	753	1753
14	1887	0	935	737	753	1838
15	1894	0	942	735	752	1863
0	1885	0	942	734	752	1817
1	1887	0	944	736	752	1822
2	1888	0	938	738	747	1888
3	1885	0	938	736	747	1839
4	1888	0	941	736	752	1853
5	1887	0	939	737	752	1807
6	1887	0	941	735	753	1789
7	1889	0	937	737	752	1717
8	1888	0	940	733	752	1713
9	1887	0	941	737	752	1678
10	1887	0	941	738	752	1680
11	1888	0	939	739	752	1680
12	1883	0	943	740	750	1706
13	1887	0	944	741	752	1691
14	1887	0	942	737	752	1749
15	1887	0	938	735	752	1719
0	1888	0	940	734	752	1685
1	1887	0	939	737	747	1685
2	1889	0	941	736	750	1712
3	1889	0	938	736	753	1680
4	1889	0	937	737	749	1706
5	1890	0	938	738	752	1709
6	1893	0	939	738	752	1706
7	1894	0	942	736	755	1680
8	1891	0	939	736	758	1710
9	1890	0	930	737	756	1669
10	1890	0	937	738	755	1688
11	1889	0	933	741	752	1655
12	1890	0	933	743	755	1682
13	1889	0	933	743	752	1664
14	1889	0	937	744	754	1679
15	1889	0	942	747	752	1664
0	1891	0	942	745	753	1687
1	1891	0	942	750	755	1677
2	1891	0	939	750	758	1690
3	1889	0	943	751	762	1664
4	1895	0	937	749	768	1691
5	1890	0	937	751	766	1673
6	1888	0	937	746	768	1682
7	1888	0	944	742	761	1660
8	1889	0	944	739	758	1728
9	1889	0	946	738	759	1725
10	1888	0	944	737	760	1755
11	1891	0	944	741	764	1722
12	1887	0	945	737	757	1712
13	1887	0	944	735	762	1677
14	1891	0	944	740	754	1710
15	1890	0	944	735	755	1674
0	1888	0	944	738	754	1698
1	1894	0	944	736	753	1542
2	1889	0	944	743	758	1201
3	1889	0	943	737	755	2128
4	1890	0	937	737	761	3774
5	1889	0	937	745	762	3776
6	1886	0	933	746	759	2779
7	1887	0	939	746	757	1040
8	1888	0	936	743	759	1839
9	1890	0	935	747	765	1503
10	1889	0	932	741	761	1552
11	1891	0	939	743	762	1531
12	1887	0	939	747	757	1566
13	1887	0	944	747	759	1558
14	1896	0	949	741	759	1574
15	1889	0	946	738	761	1564
0	1889	0	943	741	757	1597
1	1888	0	943	739	761	1591
2	1888	0	944	739	756	1626
3	1888	0	944	735	758	1632
4	1887	0	945	739	761	1674
5	1889	0	944	738	763	1677
6	1886	0	944	739	765	1725
7	1894	0	939	742	767	1716
8	1889	0	937	739	763	1755
9	1887	0	938	742	763	1779
10	1894	0	935	741	762	1823
11	1890	0	941	741	761	1822
12	1889	0	936	741	756	1844
13	1890	0	937	743	759	1815
14	1889	0	938	749	759	1819
15	1888	0	937	745	762	1774
0	1887	0	943	743	762	1749
1	1893	0	941	744	763	1704
2	1889	0	942	747	766	1699
3	1887	0	944	747	764	1650
4	1893	0	944	749	765	1670
5	1888	0	944	747	763	1635
6	1888	0	944	748	759	1662
7	1893	0	947	746	756	1649
8	1886	0	944	746	757	1665
9	1893	0	945	744	763	1651
10	1888	0	941	740	762	1695
11	1891	0	943	739	763	1676
12	1887	0	939	738	759	1687
13	1889	0	942	742	765	1664
14	1888	0	944	741	767	1682
15	1891	0	944	739	757	1675
0	1887	0	944	738	757	1694
1	1888	0	943	739	762	1667
2	1887	0	940	737	761	1680
3	1892	0	944	735	763	1648
4	1888	0	944	734	759	1679
5	1889	0	942	736	767	1629
6	1888	0	944	734	757	1680
7	1887	0	942	735	758	1663
8	1887	0	944	736	763	1685
9	1888	0	944	738	763	1635
10	1888	0	939	733	759	1679
11	1887	0	942	734	761	1668
12	1890	0	938	733	762	1680
13	1885	0	941	734	763	1679
14	1888	0	943	733	762	1691
15	1887	0	943	737	765	1659
0	1889	0	944	735	762	1691
1	1887	0	941	739	758	1686
2	1887	0	939	735	759	1709
3	1891	0	941	735	757	1680
4	1886	0	941	737	762	1707
5	1887	0	942	735	759	1675
6	1887	0	943	738	758	1693
7	1891	0	938	739	759	1721
8	1885	0	937	739	757	1754
9	1885	0	938	739	757	1750
10	1886	0	939	741	755	1766
11	1887	0	943	739	762	1702
12	1889	0	938	738	759	1712
13	1885	0	941	739	761	1699
14	1892	0	942	741	762	1744
15	1887	0	938	738	761	1678
0	1886	0	942	740	765	1390
1	1891	0	942	739	763	1347
2	1886	0	944	735	756	2981
3	1889	0	935	737	757	3774
4	1887	0	942	738	757	3776
5	1885	0	944	739	763	1591
6	1884	0	945	739	757	1469
7	1887	0	944	738	764	1712
8	1885	0	941	734	765	1520
9	1887	0	933	741	757	1569
10	1885	0	939	738	757	1579
11	1886	0	941	740	759	1574
12	1887	0	945	741	758	1600
13	1885	0	941	739	764	1584
14	1887	0	935	741	761	1619
15	1887	0	933	739	758	1611
0	1883	0	934	735	756	1653
1	1888	0	939	739	755	1647
2	1889	0	941	737	757	1683
3	1890	0	940	739	754	1678
4	1886	0	942	739	756	1721
5	1887	0	944	736	758	1758
6	1884	0	941	736	753	1783
7	1886	0	942	733	755	1802
8	1886	0	940	735	758	1863
9	1886	0	941	737	758	1862
10	1886	0	937	734	755	1887
11	1887	0	935	735	755	1887
12	1891	0	939	733	754	1877
13	1887	0	935	737	758	1840
14	1886	0	938	736	759	1817
15	1885	0	935	737	761	1771
0	1885	0	935	737	759	1776
1	1891	0	937	736	755	1695
2	1891	0	939	742	758	1701
3	1887	0	943	746	758	1670
4	1888	0	943	740	761	1698
5	1886	0	944	738	760	1659
6	1887	0	947	743	758	1681
7	1886	0	944	738	758	1674
8	1883	0	944	739	757	1683
9	1887	0	942	737	763	1685
10	1891	0	945	742	759	1723
11	1886	0	943	743	762	1686
12	1886	0	944	743	762	1727
13	1887	0	942	738	758	1696
14	1886	0	941	736	758	1717
15	1884	0	940	737	757	1694
0	1888	0	944	736	758	1698
1	1890	0	941	741	759	1682
2	1885	0	937	739	765	1705
3	1887	0	938	741	759	1680
4	1890	0	939	743	765	1694
5	1886	0	934	739	765	1673
6	1886	0	934	740	763	1689
7	1887	0	938	741	763	1680
8	1887	0	939	742	762	1699
9	1887	0	942	742	763	1677
10	1887	0	942	739	765	1689
11	1891	0	941	740	763	1674
12	1887	0	942	740	762	1707
13	1886	0	940	738	765	1675
14	1888	0	944	738	764	1697
15	1891	0	942	739	765	1660
0	1887	0	944	742	766	1685
1	1886	0	944	738	759	1681
2	1893	0	944	738	757	1696
3	1886	0	943	735	754	1674
4	1887	0	944	736	755	1690
5	1885	0	943	734	752	1680
6	1887	0	943	738	752	1710
7	1887	0	942	737	761	1686
8	1885	0	942	739	758	1695
9	1887	0	938	739	766	1680
10	1886	0	935	738	757	1700
11	1885	0	934	741	759	1729
12	1885	0	937	738	757	1766
13	1885	0	939	737	759	1774
14	1881	0	937	737	758	1753
15	1885	0	941	735	763	1707
0	1883	0	938	734	762	1719
1	1883	0	941	735	763	1711
2	1888	0	939	734	768	1750
3	1884	0	940	734	765	1594
4	1883	0	942	737	763	1182
5	1885	0	942	739	763	2000
6	1883	0	943	737	757	3773
7	1885	0	943	736	755	3784
8	1883	0	942	736	757	3383
9	1883	0	944	739	757	993
10	1883	0	944	743	757	1807
11	1886	0	944	737	766	1573
12	1883	0	939	739	766	1571
13	1883	0	930	742	757	1577
14	1883	0	934	739	756	1567
15	1883	0	937	743	761	1584
0	1881	0	939	742	761	1609
1	1884	0	939	739	767	1605
2	1882	0	935	743	759	1639
3	1883	0	935	747	763	1631
4	1882	0	941	745	757	1654
5	1883	0	942	746	758	1651
6	1885	0	944	746	759	1712
7	1881	0	944	746	759	1722
8	1879	0	944	747	759	1781
9	1883	0	943	742	762	1759
10	1881	0	944	739	762	1810
11	1885	0	942	737	763	1842
12	1886	0	943	737	759	1908
13	1881	0	940	735	767	1912
14	1878	0	944	737	760	1946
15	1882	0	943	736	767	1933
0	1879	0	939	734	764	1935
1	1883	0	942	735	759	1864
12	1886	0	941	736	770	1627
13	1885	0	939	738	769	1694
14	1888	0	944	742	778	1677
15	1885	0	938	737	774	1744
0	1887	0	937	737	773	1745
1	1887	0	939	737	773	1802
2	1890	0	937	738	770	1778
3	1885	0	943	741	772	1811
4	1889	0	939	736	775	1772
5	1889	0	939	738	773	1793
6	1888	0	942	736	773	1744
7	1890	0	941	736	774	1758
8	1885	0	939	737	773	1691
9	1884	0	938	738	773	1711
10	1887	0	938	738	775	1676
11	1887	0	938	737	773	1689
12	1887	0	938	737	774	1661
13	1887	0	941	738	775	1701
14	1887	0	939	738	778	1664
15	1887	0	939	736	772	1703
11	1884	0	939	737	797	1662
12	1885	0	942	735	798	1687
13	1883	0	944	731	801	1667
14	1886	0	940	734	803	1679
15	1885	0	940	735	802	1635
0	1883	0	935	734	801	1668
1	1885	0	937	737	797	1637
2	1884	0	935	737	795	1680
3	1889	0	936	736	795	1647
4	1890	0	937	736	797	1680
5	1883	0	935	736	792	1655
6	1883	0	938	735	794	1663
7	1883	0	938	738	798	1648
8	1881	0	939	737	800	1693
9	1882	0	939	735	798	1654
10	1885	0	944	731	802	1669
11	1883	0	944	731	800	1649
12	1883	0	944	727	798	1677
13	1885	0	944	729	800	1669
14	1882	0	944	727	802	1694
15	1886	0	943	731	803	1658
0	1888	0	941	730	798	1698
1	1883	0	938	730	795	1705
2	1882	0	935	731	796	1730
3	1882	0	934	733	796	1671
4	1887	0	931	731	793	1762
5	1882	0	935	734	797	1705
6	1882	0	933	731	795	1714
7	1883	0	936	732	794	1694
8	1882	0	933	737	795	1713
9	1883	0	933	736	792	1632
10	1884	0	933	736	793	1200
11	1882	0	933	738	789	1616
12	1885	0	939	738	787	3698
13	1880	0	937	735	786	3782
14	1879	0	939	740	787	3776
15	1881	0	944	735	788	1165
0	1881	0	944	740	787	1675
1	1885	0	944	736	791	1650
2	1882	0	937	737	784	1552
3	1881	0	943	736	782	1597
4	1883	0	940	736	784	1632
5	1879	0	938	731	777	1647
6	1882	0	941	727	781	1652
7	1879	0	935	729	779	1655
8	1879	0	939	733	770	1716
9	1878	0	944	739	768	1586
10	1881	0	946	743	768	1662
11	1877	0	953	742	771	1702
12	1881	0	947	746	770	1746
13	1883	0	945	747	777	1744
14	1877	0	939	748	778	1806
15	1878	0	935	741	774	1840
0	1878	0	929	739	769	1926
1	1878	0	925	739	765	1903
2	1877	0	924	739	759	1982
3	1877	0	923	739	755	1996
4	1881	0	928	738	753	2032
5	1878	0	938	739	767	1969
6	1879	0	944	739	774	2027
7	1881	0	941	746	777	1901
8	1876	0	931	752	784	1965
9	1875	0	927	755	786	1824
10	1875	0	935	762	785	1801
11	1885	0	939	770	779	1746
12	1877	0	944	780	778	1761
13	1878	0	950	784	771	1681
14	1877	0	954	787	768	1617
15	1877	0	954	788	759	1652
0	1878	0	957	786	770	1761
1	1877	0	958	786	775	1721
2	1882	0	954	789	778	1742
3	1876	0	947	784	784	1698
4	1885	0	938	789	784	1737
5	1881	0	934	787	778	1619
6	1883	0	932	784	769	1741
7	1879	0	929	781	768	1698
8	1877	0	926	774	767	1705
9	1878	0	925	768	769	1671
10	1881	0	923	766	765	1700
11	1881	0	934	757	763	1688
12	1882	0	935	746	765	1759
13	1883	0	944	738	768	1633
14	1881	0	939	730	765	1670
15	1883	0	931	734	766	1651
0	1883	0	933	726	769	1711
1	1883	0	931	725	771	1677
2	1883	0	930	725	769	1762
3	1882	0	931	729	768	1784
4	1883	0	935	733	769	1684
5	1884	0	934	741	772	1616
6	1882	0	931	743	781	1671
7	1883	0	942	752	781	1683
8	1884	0	944	753	779	1747
9	1888	0	946	758	778	1731
10	1886	0	946	767	769	1836
11	1886	0	955	782	769	1748
12	1884	0	951	786	769	1766
13	1872	0	956	787	768	1729
14	1883	0	958	792	779	1770
15	1886	0	954	800	773	1765
0	1884	0	944	798	778	1752
1	1882	0	944	795	778	1237
2	1885	0	927	785	771	1574
3	1890	0	928	779	765	3536
4	1885	0	944	775	773	3786
5	1886	0	935	769	771	3774
6	1885	0	938	757	773	1262
7	1887	0	944	758	784	1623
8	1887	0	935	752	783	1685
9	1886	0	931	752	779	1463
10	1886	0	929	759	770	1515
11	1885	0	939	759	769	1661
12	1886	0	941	757	770	1667
13	1887	0	939	762	775	1555
14	1888	0	936	767	774	1602
15	1884	0	939	770	770	1640
0	1886	0	932	770	765	1724
1	1884	0	941	773	763	1546
2	1884	0	944	771	766	1680
3	1885	0	950	770	768	1694
4	1885	0	946	768	765	1734
5	1887	0	945	763	757	1747
6	1882	0	947	762	758	1809
7	1883	0	949	763	757	1773
8	1883	0	949	761	759	1911
9	1883	0	945	762	766	1907
10	1883	0	944	764	765	1936
11	1885	0	947	767	765	1941
12	1886	0	944	759	762	1936
13	1885	0	941	768	755	1941
14	1889	0	943	776	754	1909
15	1882	0	948	773	751	1779
0	1883	0	941	775	747	1744
1	1887	0	939	773	750	1696
2	1885	0	939	771	752	1803
3	1882	0	944	767	752	1710
4	1882	0	944	766	753	1667
5	1882	0	940	762	752	1651
6	1885	0	937	767	750	1617
7	1886	0	934	765	754	1582
8	1881	0	941	767	749	1680
9	1885	0	944	763	752	1680
10	1878	0	946	760	752	1742
11	1883	0	942	756	752	1792
12	1882	0	943	757	752	1778
13	1882	0	944	755	752	1743
14	1885	0	944	753	749	1605
15	1881	0	934	750	752	1648
0	1882	0	930	750	753	1750
1	1883	0	930	751	752	1706
2	1882	0	912	757	743	1723
3	1885	0	944	759	747	1808
4	1881	0	950	760	741	1684
5	1883	0	951	763	752	1648
6	1882	0	957	758	754	1767
7	1885	0	954	752	752	1670
8	1881	0	948	752	752	1745
9	1881	0	948	750	752	1776
10	1887	0	944	745	749	1602
11	1882	0	943	747	747	1703
12	1883	0	945	746	749	1795
13	1882	0	947	749	751	1765
14	1882	0	957	745	752	1598
15	1881	0	946	742	751	1684
0	1875	0	943	745	749	1911
1	1884	0	944	747	749	1730
2	1882	0	941	752	758	1670
3	1881	0	913	751	752	1792
4	1883	0	922	752	735	1737
5	1878	0	922	751	734	1662
6	1881	0	925	747	737	1779
7	1879	0	935	751	733	1670
8	1881	0	941	752	737	1699
9	1881	0	934	750	748	1638
10	1879	0	929	751	752	1217
11	1884	0	925	754	750	2274
12	1880	0	921	752	737	3773
13	1879	0	929	746	730	3787
14	1878	0	940	741	733	2645
15	1881	0	946	747	738	1088
0	1881	0	944	742	736	1735
1	1879	0	944	742	730	1426
2	1878	0	934	741	717	1520
3	1881	0	940	743	725	1614
4	1879	0	944	745	721	1577
5	1879	0	944	746	722	1623
6	1882	0	939	739	734	1674
7	1879	0	935	746	736	1446
8	1881	0	933	747	735	1472
9	1879	0	926	742	733	1733
10	1879	0	935	743	738	1680
11	1885	0	934	746	738	1584
12	1889	0	928	745	738	1770
13	1882	0	931	746	741	1777
14	1881	0	928	739	746	1649
15	1883	0	928	741	735	1724
0	1882	0	925	739	738	1809
1	1882	0	929	750	737	1885
2	1882	0	937	747	738	1846
3	1883	0	944	743	742	1930
4	1885	0	941	742	742	1814
5	1882	0	931	739	751	795
6	1885	0	925	739	750	1238
7	1882	0	941	743	755	1974
8	1888	0	945	737	746	1378
9	1884	0	940	746	734	1902
10	1881	0	935	742	739	1738
11	1882	0	933	750	745	1703
12	1882	0	950	742	741	1747
13	1881	0	946	739	737	1729
14	1887	0	936	738	736	1719
15	1881	0	943	735	727	1712
0	1883	0	951	732	739	1798
1	1888	0	951	739	751	1746
2	1883	0	947	736	751	1779
3	1887	0	943	738	752	1746
4	1879	0	935	738	763	1778
5	1879	0	926	735	762	1947
6	1881	0	930	743	755	1742
7	1883	0	923	744	752	1682
8	1882	0	931	743	747	1780
9	1881	0	943	741	747	1832
10	1889	0	939	742	746	1936
11	1883	0	938	739	751	1690
12	1883	0	944	746	750	1705
13	1884	0	944	750	752	1687
14	1880	0	946	743	750	1723
15	1882	0	944	738	751	1750
0	1883	0	950	741	751	1809
1	1883	0	948	741	752	1874
2	1884	0	944	739	747	1715
3	1881	0	946	743	752	1713
4	1883	0	959	742	752	1810
5	1879	0	945	745	745	1691
6	1886	0	955	740	752	1794
7	1881	0	960	734	758	1712
8	1883	0	958	723	768	1798
9	1882	0	939	721	768	1712
10	1875	0	932	722	761	1825
11	1876	0	934	725	753	1424
12	1877	0	934	727	754	1231
13	1876	0	944	732	752	2160
14	1874	0	942	733	749	3633
15	1875	0	935	734	745	3785
0	1877	0	931	733	734	2878
1	1875	0	933	738	737	1072
2	1874	0	935	742	752	1728
3	1874	0	933	744	747	1561
4	1874	0	929	745	735	1687
5	1873	0	942	737	744	1685
6	1873	0	950	739	743	1465
7	1873	0	955	735	752	1591
8	1875	0	949	735	752	1515
9	1872	0	939	731	749	1520
10	1872	0	928	736	746	1785
11	1872	0	932	726	747	1674
12	1877	0	938	723	752	1679
13	1872	0	943	726	746	1562
14	1872	0	935	727	745	1818
15	1873	0	923	741	736	1680
0	1874	0	912	741	732	1499
1	1872	0	932	743	747	1767
2	1874	0	963	747	752	1779
3	1878	0	966	746	750	1808
4	1873	0	940	746	738	1846
5	1874	0	919	749	740	1936
6	1875	0	924	738	741	1840
7	1874	0	932	733	735	1969
8	1878	0	931	735	742	1887
9	1873	0	925	733	736	1749
10	1879	0	921	737	733	1718
11	1873	0	933	745	731	1563
12	1873	0	961	744	734	1694
13	1877	0	943	746	731	1662
14	1875	0	920	752	721	1678
15	1875	0	932	746	721	1601
0	1876	0	902	725	718	1638
1	1876	0	962	731	764	1731
2	1878	0	1003	715	761	1674
3	1875	0	957	741	742	1661
4	1876	0	912	735	736	1679
5	1877	0	938	736	752	1614
6	1879	0	935	741	747	1650
7	1876	0	925	742	737	1620
8	1876	0	944	739	738	1664
9	1878	0	946	741	740	1649
10	1878	0	934	742	739	1696
11	1882	0	931	743	741	1751
12	1876	0	941	739	738	1675
13	1879	0	936	747	742	1671
14	1878	0	933	750	739	1648
15	1877	0	933	745	738	1722
0	1875	0	941	745	735	1642
1	1876	0	938	746	734	1616
2	1878	0	931	742	730	1591
3	1875	0	938	742	733	1654
4	1879	0	947	742	730	1738
5	1882	0	944	744	733	1729
6	1873	0	940	742	734	1808
7	1879	0	942	742	735	1776
8	1876	0	933	741	737	1601
9	1875	0	931	745	731	1654
10	1876	0	930	739	733	1673
11	1877	0	931	737	732	1751
12	1884	0	939	736	731	1690
13	1877	0	937	739	733	1707
14	1877	0	935	737	734	1270
15	1875	0	931	736	734	1467
0	1874	0	930	735	730	2993
1	1878	0	938	739	736	3774
2	1883	0	935	741	730	3728
3	1879	0	934	741	729	1328
4	1874	0	939	741	733	1662
5	1878	0	941	743	738	1679
6	1875	0	931	746	735	1560
7	1879	0	931	747	731	1607
8	1875	0	935	745	729	1535
9	1877	0	938	746	734	1511
10	1878	0	937	746	733	1567
11	1877	0	935	747	737	1542
12	1877	0	935	746	735	1623
13	1878	0	941	743	733	1751
14	1877	0	942	743	733	1638
15	1877	0	938	746	725	1649
0	1875	0	935	743	727	1611
1	1877	0	931	749	726	1697
2	1878	0	935	745	725	1793
3	1879	0	934	745	721	1769
4	1881	0	935	743	720	1760
5	1878	0	937	745	725	1725
6	1881	0	939	741	729	1798
7	1880	0	937	740	727	1846
8	1881	0	931	746	729	1913
9	1878	0	939	743	722	1905
10	1879	0	935	745	723	1843
11	1879	0	933	745	723	1905
12	1881	0	938	742	733	1817
13	1881	0	935	742	739	1596
14	1882	0	934	747	743	1760
15	1883	0	928	739	745	1717
0	1882	0	927	747	735	1703
1	1885	0	930	747	725	1810
2	1883	0	940	745	727	1616
3	1883	0	938	743	734	1643
4	1883	0	941	748	738	1735
5	1885	0	937	744	737	1773
6	1886	0	935	747	733	1648
7	1886	0	931	739	734	1634
8	1890	0	939	736	734	1695
9	1887	0	944	738	739	1715
10	1886	0	944	737	749	1735
11	1887	0	944	738	752	1718
12	1887	0	944	738	752	1712
13	1888	0	946	741	753	1674
14	1887	0	944	739	749	1668
15	1887	0	939	742	746	1727
0	1888	0	943	740	743	1798
1	1888	0	945	739	745	1778
2	1888	0	947	738	752	1747
3	1887	0	943	743	753	1682
4	1887	0	931	742	752	1566
5	1887	0	927	742	749	1655
6	1888	0	925	742	749	1818
7	1887	0	923	742	746	1743
8	1889	0	927	745	747	1754
9	1891	0	934	752	751	1651
10	1890	0	935	755	752	1712
11	1889	0	942	753	752	1760
12	1889	0	943	752	752	1770
13	1892	0	943	746	751	1769
14	1889	0	945	743	752	1666
15	1888	0	950	740	752	1739
0	1889	0	965	735	754	1789
1	1889	0	944	733	754	1699
2	1894	0	944	734	756	1776
3	1891	0	940	739	754	1502
4	1892	0	928	741	746	1143
5	1889	0	931	749	742	1968
6	1890	0	943	747	749	3767
7	1888	0	946	747	750	3773
8	1890	0	944	749	752	3122
9	1886	0	944	750	753	1036
10	1888	0	944	752	762	1808
11	1884	0	949	752	758	1518
12	1882	0	929	753	752	1555
13	1889	0	925	768	752	1621
14	1883	0	939	754	752	1574
15	1883	0	944	754	762	1605
0	1881	0	946	752	766	1584
1	1885	0	944	752	762	1559
2	1885	0	939	756	752	1582
3	1885	0	944	752	751	1567
4	1883	0	944	750	751	1600
5	1885	0	943	750	752	1630
6	1879	0	943	740	752	1680
7	1884	0	954	746	761	1598
8	1883	0	945	739	757	1664
9	1881	0	944	742	763	1744
10	1883	0	942	746	764	1723
11	1884	0	933	735	759	1795
12	1884	0	927	727	772	1826
13	1881	0	931	739	751	1779
14	1882	0	942	736	758	1807
15	1886	0	944	737	755	1710
0	1883	0	943	737	761	1659
1	1886	0	944	743	765	1775
2	1885	0	941	737	768	1794
3	1883	0	939	741	768	1643
4	1884	0	933	741	765	1648
5	1888	0	935	743	761	1472
6	1883	0	944	746	766	1505
7	1883	0	939	747	759	1569
8	1883	0	939	746	759	1684
9	1883	0	942	746	768	1563
10	1882	0	941	745	768	1557
11	1881	0	942	749	768	1518
12	1881	0	939	747	769	1633
13	1883	0	934	750	765	1670
14	1889	0	943	750	769	1722
15	1884	0	955	750	766	1712
0	1881	0	951	750	770	1676
1	1885	0	946	746	768	1671
2	1882	0	944	749	770	1675
3	1883	0	950	747	770	1735
4	1879	0	954	752	765	1728
5	1887	0	949	752	763	1680
6	1886	0	943	752	768	1657
7	1883	0	940	754	767	1689
8	1882	0	937	753	768	1776
9	1883	0	939	752	771	1706
10	1884	0	940	752	767	1758
11	1886	0	944	752	768	1744
12	1879	0	947	752	770	1824
13	1886	0	924	751	768	1809
14	1881	0	906	754	762	1813
15	1883	0	912	752	759	1759
0	1882	0	926	751	765	1714
1	1879	0	944	747	767	1782
2	1883	0	958	739	768	1904
3	1885	0	970	734	773	1834
4	1881	0	998	720	784	1392
5	1879	0	914	740	767	1398
6	1879	0	892	739	763	3121
7	1881	0	913	741	767	3774
8	1878	0	942	737	763	3775
9	1880	0	958	733	763	1943
10	1879	0	957	738	759	1529
11	1878	0	953	733	761	1919
12	1879	0	927	741	759	1623
13	1879	0	906	743	759	1711
14	1882	0	896	737	768	1741
15	1879	0	853	751	768	1717
0	1885	0	929	753	743	1788
1	1882	0	976	739	771	1776
2	1879	0	1003	745	789	1789
3	1889	0	958	748	775	1787
4	1883	0	933	753	769	1834
5	1882	0	942	752	765	1838
6	1883	0	944	749	771	1893
7	1883	0	937	752	769	1869
8	1881	0	931	751	773	2017
9	1882	0	938	751	777	1890
10	1888	0	942	748	776	1968
11	1878	0	944	750	778	2026
12	1883	0	943	750	774	2089
13	1881	0	944	747	775	2083
14	1880	0	944	749	775	2137
15	1883	0	938	750	777	2087
0	1881	0	934	747	779	2067
1	1879	0	935	749	779	2008
2	1881	0	942	752	770	1943
3	1879	0	944	749	770	1857
4	1879	0	947	752	781	1804
5	1878	0	944	752	769	1776
6	1878	0	947	754	779	1783
7	1887	0	939	753	778	1790
8	1881	0	931	754	779	1682
9	1879	0	930	754	778	1697
10	1886	0	938	757	777	1731
11	1886	0	941	752	780	1729
12	1886	0	944	752	780	1771
13	1878	0	937	751	779	1787
14	1878	0	944	751	779	1802
15	1888	0	944	749	780	1757
0	1878	0	943	752	782	1807
1	1878	0	942	748	779	1794
2	1881	0	940	747	784	1794
3	1886	0	934	746	783	1787
4	1879	0	941	746	782	1760
5	1880	0	941	752	784	1731
6	1880	0	944	746	784	1787
7	1883	0	941	750	782	1726
8	1885	0	941	747	784	1761
9	1879	0	935	746	778	1713
10	1879	0	943	749	779	1759
11	1887	0	944	751	779	1763
12	1881	0	943	746	781	1783
13	1878	0	942	747	784	1750
14	1881	0	953	752	781	1765
15	1881	0	954	748	785	1717
0	1883	0	944	753	761	1714
1	1881	0	913	752	773	1693
2	1879	0	942	747	783	1728
3	1882	0	934	742	784	1718
4	1880	0	957	752	767	1501
5	1878	0	926	742	785	1047
6	1880	0	903	736	783	2441
7	1883	0	912	750	763	3774
8	1881	0	980	752	777	3773
9	1881	0	929	746	771	2593
10	1879	0	925	743	780	1013
11	1885	0	937	735	784	1818
12	1879	0	912	721	812	1471
13	1887	0	946	730	790	1520
14	1881	0	944	752	773	1602
15	1880	0	947	754	765	1552
0	1882	0	961	761	757	1556
1	1879	0	927	756	783	1584
2	1886	0	943	761	757	1607
3	1886	0	941	752	775	1590
4	1881	0	933	752	774	1611
5	1881	0	934	752	767	1624
6	1883	0	944	747	772	1691
7	1879	0	938	736	784	1661
8	1882	0	927	729	791	1694
9	1881	0	944	747	770	1694
10	1880	0	925	750	767	1795
11	1879	0	924	747	770	1810
12	1882	0	894	743	784	1847
13	1882	0	935	753	782	1835
14	1878	0	955	763	779	1888
15	1884	0	951	758	778	1872
0	1883	0	944	757	770	1849
1	1879	0	942	755	768	1821
2	1886	0	929	750	772	1792
3	1878	0	931	752	769	1686
4	1881	0	951	751	771	1687
5	1879	0	945	752	770	1659
6	1882	0	932	742	783	1664
7	1881	0	935	747	775	1622
8	1883	0	944	747	774	1558
9	1882	0	937	746	779	1607
10	1881	0	932	742	775	1609
11	1888	0	942	747	779	1595
12	1882	0	956	749	784	1600
13	1882	0	944	741	783	1646
14	1882	0	939	747	775	1648
15	1882	0	926	746	775	1619
0	1879	0	939	743	781	1645
1	1881	0	939	747	784	1648
2	1888	0	924	746	790	1669
3	1882	0	906	743	805	1648
4	1881	0	970	743	759	1595
5	1888	0	988	742	778	1658
6	1883	0	954	751	781	1586
7	1879	0	937	749	782	1601
8	1882	0	939	751	786	1623
9	1883	0	941	752	784	1641
10	1889	0	941	752	784	1616
11	1884	0	943	752	781	1600
12	1883	0	929	753	780	1630
13	1882	0	933	752	782	1645
14	1883	0	940	753	784	1627
15	1887	0	944	752	782	1585
0	1885	0	946	752	784	1618
1	1890	0	944	752	785	1648
2	1886	0	933	753	784	1680
3	1887	0	935	753	783	1661
4	1883	0	941	752	777	1711
5	1883	0	944	752	782	1664
6	1883	0	944	750	783	1643
7	1883	0	944	752	781	1623
8	1885	0	945	751	783	1627
9	1882	0	944	749	785	1628
10	1883	0	934	747	784	1549
11	1882	0	925	750	782	1091
12	1883	0	924	752	784	1749
13	1886	0	928	750	782	3600
14	1879	0	933	751	775	3777
15	1881	0	945	749	778	3536
0	1884	0	960	752	784	959
1	1882	0	954	752	785	1677
2	1884	0	942	753	782	1546
3	1883	0	923	752	781	1427
4	1883	0	935	756	775	1546
5	1884	0	988	752	759	1497
6	1882	0	977	745	784	1500
7	1879	0	950	752	781	1488
8	1879	0	938	747	777	1513
9	1877	0	902	755	768	1520
10	1881	0	897	759	766	1564
11	1879	0	942	745	749	1555
12	1879	0	975	750	754	1598
13	1877	0	939	759	761	1615
14	1877	0	933	752	761	1641
15	1878	0	933	752	756	1611
0	1875	0	928	751	753	1655
1	1878	0	912	757	765	1681
2	1878	0	944	753	755	1729
3	1875	0	912	750	752	1765
4	1881	0	928	752	758	1807
5	1883	0	934	752	759	1793
6	1877	0	944	750	767	1791
7	1878	0	942	741	757	1771
8	1884	0	897	752	750	1764
9	1878	0	904	752	767	1689
10	1883	0	918	742	750	1683
11	1883	0	900	759	768	1615
12	1878	0	934	752	763	1625
13	1879	0	970	747	762	1627
14	1881	0	978	746	763	1637
15	1882	0	966	749	759	1601
0	1879	0	971	750	778	1615
1	1882	0	962	748	777	1623
2	1879	0	955	748	777	1663
3	1879	0	944	752	781	1601
4	1880	0	941	749	773	1630
5	1882	0	933	751	779	1621
6	1882	0	938	759	779	1627
7	1879	0	944	755	770	1602
8	1886	0	951	752	778	1642
9	1882	0	949	752	781	1616
10	1882	0	944	751	784	1626
11	1885	0	939	751	783	1612
12	1881	0	935	752	774	1642
13	1882	0	941	752	784	1627
14	1882	0	944	751	784	1642
15	1885	0	944	749	786	1619
0	1885	0	944	747	784	1631
1	1882	0	946	749	781	1619
2	1881	0	940	750	774	1643
3	1879	0	937	751	774	1610
4	1887	0	935	747	773	1643
5	1879	0	943	751	777	1648
6	1883	0	944	752	775	1651
7	1887	0	941	752	783	1623
8	1879	0	943	749	775	1648
9	1882	0	942	747	784	1642
10	1883	0	936	748	784	1674
11	1882	0	941	752	785	1643
12	1887	0	944	752	782	1718
13	1883	0	944	751	775	1633
