#bitalino_nseq	bitalino_raw_A1
0	460
1	455
2	453
3	453
4	454
5	461
6	465
7	472
8	476
9	487
10	502
11	518
12	546
13	650
14	814
15	903
0	953
1	975
2	957
3	910
4	856
5	809
6	745
7	587
8	448
9	310
10	176
11	101
12	59
13	34
14	20
15	12
0	7
1	7
2	11
3	19
4	33
5	225
6	578
7	771
8	876
9	927
10	911
11	876
12	840
13	801
14	769
15	654
0	478
1	374
2	286
3	189
4	108
5	62
6	35
7	20
8	12
9	7
10	4
11	7
12	12
13	22
14	33
15	39
0	45
1	61
2	75
3	93
4	109
5	123
6	137
7	152
8	164
9	191
10	209
11	228
12	256
13	273
14	289
15	311
0	310
1	316
2	337
3	354
4	365
5	356
6	363
7	371
8	371
9	369
10	356
11	342
12	325
13	341
14	367
15	366
0	360
1	368
2	396
3	425
4	445
5	461
6	470
7	490
8	510
9	519
10	528
11	524
12	524
13	515
14	480
15	457
0	439
1	429
2	433
3	437
4	429
5	409
6	390
7	368
8	347
9	335
10	336
11	345
12	360
13	380
14	414
15	452
0	489
1	520
2	529
3	537
4	540
5	541
6	550
7	567
8	559
9	515
10	499
11	495
12	491
13	476
14	468
15	453
0	440
1	427
2	417
3	408
4	394
5	389
6	389
7	397
8	416
9	449
10	478
11	515
12	566
13	635
14	673
15	690
0	694
1	689
2	680
3	664
4	597
5	483
6	419
7	387
8	380
9	396
10	431
11	455
12	479
13	502
14	507
15	499
0	485
1	464
2	464
3	470
4	464
5	470
6	492
7	516
8	527
9	550
10	577
11	580
12	564
13	529
14	494
15	463
0	452
1	449
2	458
3	471
4	488
5	510
6	532
7	563
8	583
9	601
10	609
11	600
12	575
13	550
14	542
15	543
0	543
1	549
2	551
3	546
4	543
5	553
6	563
7	546
8	524
9	496
10	459
11	425
12	400
13	380
14	384
15	414
0	449
1	484
2	515
3	537
4	552
5	547
6	514
7	481
8	474
9	487
10	496
11	486
12	484
13	501
14	504
15	521
0	554
1	557
2	536
3	492
4	451
5	420
6	405
7	404
8	396
9	406
10	432
11	464
12	507
13	538
14	546
15	536
0	518
1	500
2	486
3	473
4	458
5	441
6	446
7	476
8	497
9	515
10	526
11	528
12	519
13	513
14	502
15	497
0	492
1	519
2	535
3	534
4	536
5	540
6	534
7	514
8	496
9	469
10	444
11	409
12	393
13	399
14	414
15	436
0	455
1	478
2	487
3	486
4	473
5	457
6	436
7	435
8	433
9	415
10	408
11	418
12	459
13	508
14	547
15	550
0	477
1	472
2	487
3	498
4	549
5	583
6	621
7	653
8	669
9	667
10	650
11	640
12	628
13	618
14	604
15	618
0	618
1	535
2	475
3	453
4	460
5	487
6	504
7	473
8	419
9	395
10	415
11	444
12	484
13	521
14	552
15	562
0	552
1	551
2	553
3	545
4	528
5	505
6	466
7	426
8	405
9	393
10	373
11	370
12	366
13	380
14	413
15	440
0	431
1	392
2	363
3	349
4	345
5	353
6	366
7	382
8	399
9	417
10	451
11	481
12	497
13	512
14	526
15	529
0	540
1	567
2	602
3	618
4	617
5	608
6	597
7	584
8	561
9	524
10	497
11	478
12	468
13	467
14	478
15	504
0	527
1	524
2	534
3	558
4	563
5	524
6	489
7	466
8	448
9	427
10	405
11	396
12	401
13	435
14	475
15	503
0	522
1	532
2	524
3	514
4	522
5	549
6	582
7	602
8	606
9	585
10	568
11	545
12	510
13	469
14	436
15	412
0	385
1	370
2	351
3	342
4	354
5	368
6	388
7	416
8	428
9	417
10	396
11	369
12	348
13	336
14	344
15	363
0	389
1	432
2	483
3	527
4	564
5	598
6	623
7	641
8	653
9	663
10	682
11	649
12	609
13	600
14	588
15	593
0	590
1	558
2	511
3	454
4	425
5	399
6	382
7	353
8	339
9	344
10	361
11	380
12	433
13	483
14	508
15	519
0	525
1	525
2	540
3	530
4	522
5	534
6	556
7	563
8	568
9	552
10	509
11	456
12	396
13	360
14	336
15	326
0	334
1	347
2	366
3	376
4	390
5	415
6	447
7	476
8	493
9	478
10	470
11	446
12	442
13	460
14	497
15	530
0	548
1	557
2	564
3	560
4	541
5	502
6	457
7	418
8	384
9	368
10	384
11	434
12	487
13	505
14	509
15	501
0	510
1	510
2	500
3	492
4	485
5	481
6	474
7	461
8	460
9	480
10	518
11	554
12	575
13	583
14	580
15	551
0	503
1	470
2	450
3	435
4	434
5	447
6	461
7	471
8	478
9	488
10	478
11	454
12	440
13	439
14	441
15	440
0	431
1	419
2	417
3	438
4	465
5	515
6	535
7	551
8	558
9	554
10	537
11	502
12	476
13	460
14	455
15	477
0	537
1	569
2	568
3	542
4	521
5	482
6	435
7	398
8	377
9	375
10	399
11	412
12	402
13	399
14	413
15	425
0	457
1	481
2	470
3	454
4	447
5	448
6	470
7	503
8	550
9	604
10	653
11	684
12	691
13	671
14	639
15	600
0	572
1	551
2	496
3	441
4	398
5	380
6	392
7	409
8	404
9	376
10	344
11	336
12	331
13	329
14	342
15	376
0	432
1	500
2	552
3	572
4	579
5	572
6	566
7	562
8	555
9	550
10	508
11	467
12	445
13	433
14	452
15	459
0	432
1	382
2	347
3	347
4	346
5	343
6	358
7	367
8	400
9	466
10	524
11	564
12	595
13	635
14	676
15	685
0	671
1	639
2	629
3	608
4	571
5	521
6	481
7	457
8	444
9	416
10	377
11	347
12	328
13	307
14	298
15	300
0	315
1	337
2	383
3	428
4	468
5	519
6	564
7	590
8	601
9	598
10	583
11	570
12	575
13	577
14	567
15	554
0	546
1	542
2	542
3	530
4	483
5	423
6	377
7	339
8	316
9	313
10	322
11	342
12	368
13	400
14	434
15	444
0	450
1	455
2	464
3	475
4	487
5	496
6	504
7	510
8	519
9	533
10	549
11	547
12	529
13	509
14	475
15	441
0	411
1	405
2	422
3	444
4	468
5	483
6	487
7	480
8	472
9	467
10	471
11	478
12	489
13	499
14	510
15	517
0	522
1	519
2	502
3	483
4	470
5	454
6	439
7	423
8	422
9	415
10	407
11	416
12	440
13	449
14	448
15	445
0	436
1	430
2	427
3	441
4	454
5	468
6	471
7	473
8	470
9	458
10	448
11	436
12	425
13	412
14	411
15	421
